## X [m] Pressure [Pa]
0.005 460.894
0.015 460.894
0.025 460.894
0.035 460.894
0.045 460.894
0.055 460.894
0.065 460.894
0.075 460.894
0.085 460.894
0.095 460.894
0.105 460.894
0.115 460.894
0.125 460.894
0.135 460.894
0.145 460.894
0.155 460.894
0.165 460.894
0.175 460.894
0.185 460.894
0.195 460.894
0.205 460.894
0.215 460.894
0.225 460.894
0.235 460.894
0.245 460.894
0.255 460.894
0.265 460.894
0.275 460.894
0.285 460.894
0.295 460.894
0.305 460.894
0.315 460.894
0.325 460.894
0.335 460.894
0.345 460.894
0.355 460.894
0.365 460.894
0.375 460.894
0.385 460.894
0.395 460.894
0.405 460.894
0.415 460.894
0.425 460.894
0.435 1692.45
0.445 1692.45
0.455 1692.45
0.465 1692.45
0.475 1692.45
0.485 1692.45
0.495 1692.45
0.505 1692.45
0.515 1692.45
0.525 1692.45
0.535 1692.45
0.545 1692.45
0.555 1692.45
0.565 1692.45
0.575 1692.45
0.585 1692.45
0.595 1692.45
0.605 1692.45
0.615 1692.45
0.625 1692.45
0.635 1692.45
0.645 1692.45
0.655 1692.45
0.665 1692.45
0.675 1692.45
0.685 1692.45
0.695 1692.45
0.705 1692.45
0.715 1692.45
0.725 1692.45
0.735 1692.45
0.745 1692.45
0.755 1692.45
0.765 1692.45
0.775 1692.45
0.785 1692.45
0.795 1692.45
0.805 1692.45
0.815 1692.45
0.825 1692.45
0.835 46.0895
0.845 46.0895
0.855 46.0895
0.865 46.0895
0.875 46.0895
0.885 46.0895
0.895 46.0895
0.905 46.0895
0.915 46.0895
0.925 46.0895
0.935 46.0895
0.945 46.0895
0.955 46.0895
0.965 46.0895
0.975 46.0895
0.985 46.0895
0.995 46.0895
