## X [m] Internal-energy [J]
0.005 192.063
0.015 192.063
0.025 192.063
0.035 192.063
0.045 192.063
0.055 192.063
0.065 192.063
0.075 192.063
0.085 192.063
0.095 192.063
0.105 192.063
0.115 192.063
0.125 192.063
0.135 192.063
0.145 192.063
0.155 192.063
0.165 192.063
0.175 192.063
0.185 192.063
0.195 192.063
0.205 192.063
0.215 192.063
0.225 192.063
0.235 192.063
0.245 192.063
0.255 192.063
0.265 192.063
0.275 192.063
0.285 192.063
0.295 192.063
0.305 192.063
0.315 192.063
0.325 192.063
0.335 192.063
0.345 192.063
0.355 192.063
0.365 192.063
0.375 192.063
0.385 192.063
0.395 192.063
0.405 192.063
0.415 192.063
0.425 192.063
0.435 296.168
0.445 296.168
0.455 296.168
0.465 296.168
0.475 296.168
0.485 296.168
0.495 296.168
0.505 296.168
0.515 296.168
0.525 296.168
0.535 296.168
0.545 296.168
0.555 296.168
0.565 296.168
0.575 296.168
0.585 296.168
0.595 296.168
0.605 296.168
0.615 296.168
0.625 296.168
0.635 296.168
0.645 296.168
0.655 296.168
0.665 296.168
0.675 296.168
0.685 296.168
0.695 296.168
0.705 136.135
0.715 136.135
0.725 136.135
0.735 136.135
0.745 136.135
0.755 136.135
0.765 136.135
0.775 136.135
0.785 136.135
0.795 136.135
0.805 136.135
0.815 136.135
0.825 136.135
0.835 19.2064
0.845 19.2064
0.855 19.2064
0.865 19.2064
0.875 19.2064
0.885 19.2064
0.895 19.2064
0.905 19.2064
0.915 19.2064
0.925 19.2064
0.935 19.2064
0.945 19.2064
0.955 19.2064
0.965 19.2064
0.975 19.2064
0.985 19.2064
0.995 19.2064
