## X [m] Velocity [m/s]
0.005 19.5975
0.015 19.5975
0.025 19.5975
0.035 19.5975
0.045 19.5975
0.055 19.5975
0.065 19.5975
0.075 19.5975
0.085 19.5975
0.095 19.5975
0.105 19.5975
0.115 19.5975
0.125 19.5975
0.135 19.5975
0.145 19.5975
0.155 19.5975
0.165 19.5975
0.175 19.5975
0.185 19.5975
0.195 19.5975
0.205 19.5975
0.215 19.5975
0.225 19.5975
0.235 19.5975
0.245 19.5975
0.255 19.5975
0.265 19.5975
0.275 19.5975
0.285 19.5975
0.295 19.5975
0.305 19.5975
0.315 19.5975
0.325 19.5975
0.335 19.5975
0.345 19.5975
0.355 19.5975
0.365 19.5975
0.375 19.5975
0.385 19.5975
0.395 19.5975
0.405 19.5975
0.415 19.5975
0.425 19.5975
0.435 8.68512
0.445 8.68512
0.455 8.68512
0.465 8.68512
0.475 8.68512
0.485 8.68512
0.495 8.68512
0.505 8.68512
0.515 8.68512
0.525 8.68512
0.535 8.68512
0.545 8.68512
0.555 8.68512
0.565 8.68512
0.575 8.68512
0.585 8.68512
0.595 8.68512
0.605 8.68512
0.615 8.68512
0.625 8.68512
0.635 8.68512
0.645 8.68512
0.655 8.68512
0.665 8.68512
0.675 8.68512
0.685 8.68512
0.695 8.68512
0.705 8.68512
0.715 8.68512
0.725 8.68512
0.735 8.68512
0.745 8.68512
0.755 8.68512
0.765 8.68512
0.775 8.68512
0.785 8.68512
0.795 8.68512
0.805 8.68512
0.815 8.68512
0.825 8.68512
0.835 -6.19633
0.845 -6.19633
0.855 -6.19633
0.865 -6.19633
0.875 -6.19633
0.885 -6.19633
0.895 -6.19633
0.905 -6.19633
0.915 -6.19633
0.925 -6.19633
0.935 -6.19633
0.945 -6.19633
0.955 -6.19633
0.965 -6.19633
0.975 -6.19633
0.985 -6.19633
0.995 -6.19633
