## X [m] Density [kg/m^3]
0.005 1
0.015 1
0.025 1
0.035 1
0.045 1
0.055 1
0.065 1
0.075 1
0.085 1
0.095 1
0.105 1
0.115 1
0.125 1
0.135 1
0.145 1
0.155 1
0.165 1
0.175 3.99999
0.185 3.99999
0.195 3.99999
0.205 3.99999
0.215 3.99999
0.225 3.99999
0.235 3.99999
0.245 3.99999
0.255 3.99999
0.265 3.99999
0.275 3.99999
0.285 3.99999
0.295 3.99999
0.305 3.99999
0.315 3.99999
0.325 3.99999
0.335 3.99999
0.345 3.99999
0.355 3.99999
0.365 3.99999
0.375 3.99999
0.385 3.99999
0.395 3.99999
0.405 3.99999
0.415 3.99999
0.425 3.99999
0.435 3.99999
0.445 3.99999
0.455 3.99999
0.465 3.99999
0.475 3.99999
0.485 3.99999
0.495 3.99999
0.505 3.99999
0.515 3.99999
0.525 3.99999
0.535 3.99999
0.545 3.99999
0.555 3.99999
0.565 3.99999
0.575 3.99999
0.585 3.99999
0.595 3.99999
0.605 3.99999
0.615 3.99999
0.625 3.99999
0.635 3.99999
0.645 3.99999
0.655 3.99999
0.665 3.99999
0.675 3.99999
0.685 3.99999
0.695 3.99999
0.705 3.99999
0.715 3.99999
0.725 3.99999
0.735 3.99999
0.745 3.99999
0.755 3.99999
0.765 3.99999
0.775 3.99999
0.785 3.99999
0.795 3.99999
0.805 3.99999
0.815 3.99999
0.825 3.99999
0.835 1
0.845 1
0.855 1
0.865 1
0.875 1
0.885 1
0.895 1
0.905 1
0.915 1
0.925 1
0.935 1
0.945 1
0.955 1
0.965 1
0.975 1
0.985 1
0.995 1
