## X [m] Internal-energy [J]
0.005 1.5e-06
0.015 1.5e-06
0.025 1.5e-06
0.035 1.5e-06
0.045 1.5e-06
0.055 1.5e-06
0.065 1.5e-06
0.075 1.5e-06
0.085 1.5e-06
0.095 1.5e-06
0.105 1.5e-06
0.115 1.5e-06
0.125 1.5e-06
0.135 1.5e-06
0.145 1.5e-06
0.155 1.5e-06
0.165 1.5e-06
0.175 0.500002
0.185 0.500002
0.195 0.500002
0.205 0.500002
0.215 0.500002
0.225 0.500002
0.235 0.500002
0.245 0.500002
0.255 0.500002
0.265 0.500002
0.275 0.500002
0.285 0.500002
0.295 0.500002
0.305 0.500002
0.315 0.500002
0.325 0.500002
0.335 0.500002
0.345 0.500002
0.355 0.500002
0.365 0.500002
0.375 0.500002
0.385 0.500002
0.395 0.500002
0.405 0.500002
0.415 0.500002
0.425 0.500002
0.435 0.500002
0.445 0.500002
0.455 0.500002
0.465 0.500002
0.475 0.500002
0.485 0.500002
0.495 0.500002
0.505 0.500002
0.515 0.500002
0.525 0.500002
0.535 0.500002
0.545 0.500002
0.555 0.500002
0.565 0.500002
0.575 0.500002
0.585 0.500002
0.595 0.500002
0.605 0.500002
0.615 0.500002
0.625 0.500002
0.635 0.500002
0.645 0.500002
0.655 0.500002
0.665 0.500002
0.675 0.500002
0.685 0.500002
0.695 0.500002
0.705 0.500002
0.715 0.500002
0.725 0.500002
0.735 0.500002
0.745 0.500002
0.755 0.500002
0.765 0.500002
0.775 0.500002
0.785 0.500002
0.795 0.500002
0.805 0.500002
0.815 0.500002
0.825 0.500002
0.835 1.5e-06
0.845 1.5e-06
0.855 1.5e-06
0.865 1.5e-06
0.875 1.5e-06
0.885 1.5e-06
0.895 1.5e-06
0.905 1.5e-06
0.915 1.5e-06
0.925 1.5e-06
0.935 1.5e-06
0.945 1.5e-06
0.955 1.5e-06
0.965 1.5e-06
0.975 1.5e-06
0.985 1.5e-06
0.995 1.5e-06
