## X [m] Pressure [Pa]
0.005 1e-06
0.015 1e-06
0.025 1e-06
0.035 1e-06
0.045 1e-06
0.055 1e-06
0.065 1e-06
0.075 1e-06
0.085 1e-06
0.095 1e-06
0.105 1e-06
0.115 1e-06
0.125 1e-06
0.135 1e-06
0.145 1e-06
0.155 1e-06
0.165 1e-06
0.175 1.33334
0.185 1.33334
0.195 1.33334
0.205 1.33334
0.215 1.33334
0.225 1.33334
0.235 1.33334
0.245 1.33334
0.255 1.33334
0.265 1.33334
0.275 1.33334
0.285 1.33334
0.295 1.33334
0.305 1.33334
0.315 1.33334
0.325 1.33334
0.335 1.33334
0.345 1.33334
0.355 1.33334
0.365 1.33334
0.375 1.33334
0.385 1.33334
0.395 1.33334
0.405 1.33334
0.415 1.33334
0.425 1.33334
0.435 1.33334
0.445 1.33334
0.455 1.33334
0.465 1.33334
0.475 1.33334
0.485 1.33334
0.495 1.33334
0.505 1.33334
0.515 1.33334
0.525 1.33334
0.535 1.33334
0.545 1.33334
0.555 1.33334
0.565 1.33334
0.575 1.33334
0.585 1.33334
0.595 1.33334
0.605 1.33334
0.615 1.33334
0.625 1.33334
0.635 1.33334
0.645 1.33334
0.655 1.33334
0.665 1.33334
0.675 1.33334
0.685 1.33334
0.695 1.33334
0.705 1.33334
0.715 1.33334
0.725 1.33334
0.735 1.33334
0.745 1.33334
0.755 1.33334
0.765 1.33334
0.775 1.33334
0.785 1.33334
0.795 1.33334
0.805 1.33334
0.815 1.33334
0.825 1.33334
0.835 1e-06
0.845 1e-06
0.855 1e-06
0.865 1e-06
0.875 1e-06
0.885 1e-06
0.895 1e-06
0.905 1e-06
0.915 1e-06
0.925 1e-06
0.935 1e-06
0.945 1e-06
0.955 1e-06
0.965 1e-06
0.975 1e-06
0.985 1e-06
0.995 1e-06
