0.01 3.13306 -0.00501021
0.02 2.90965 -0.0112235
0.03 2.72873 -0.0192867
0.04 2.57714 -0.0281038
0.05 2.44685 -0.0367272
0.06 2.33281 -0.0445085
0.07 2.2317 -0.0510956
0.08 2.14123 -0.0563728
0.09 2.05973 -0.0603848
0.1 1.98592 -0.0632676
0.11 1.91879 -0.0651951
0.12 1.85749 -0.0663446
0.13 1.8013 -0.066878
0.14 1.74961 -0.0669341
0.15 1.7019 -0.0666267
0.16 1.65772 -0.0660473
0.17 1.61668 -0.0652678
0.18 1.57844 -0.0643442
0.19 1.54272 -0.0633197
0.2 1.50926 -0.0622277
0.21 1.47785 -0.0610934
0.22 1.44828 -0.0599361
0.23 1.42038 -0.0587705
0.24 1.39402 -0.0576075
0.25 1.36906 -0.0564553
0.26 1.34537 -0.0553198
0.27 1.32286 -0.0542056
0.28 1.30143 -0.0531156
0.29 1.28101 -0.0520519
0.3 1.26151 -0.0510159
0.31 1.24286 -0.0500084
0.32 1.22502 -0.0490298
0.33 1.20792 -0.0480799
0.34 1.19151 -0.0471585
0.35 1.17575 -0.0462653
0.36 1.1606 -0.0453995
0.37 1.14601 -0.0445606
0.38 1.13197 -0.0437479
0.39 1.11842 -0.0429604
0.4 1.10535 -0.0421973
0.41 1.09272 -0.041458
0.42 1.08051 -0.0407415
0.43 1.06871 -0.0400469
0.44 1.05728 -0.0393736
0.45 1.04621 -0.0387207
0.46 1.03548 -0.0380874
0.47 1.02508 -0.037473
0.48 1.01498 -0.0368767
0.49 1.00517 -0.0362979
0.5 0.99564 -0.0357359
0.51 0.986377 -0.0351901
0.52 0.977367 -0.0346597
0.53 0.968599 -0.0341443
0.54 0.960063 -0.0336432
0.55 0.951749 -0.033156
0.56 0.943647 -0.032682
0.57 0.935748 -0.0322209
0.58 0.928044 -0.031772
0.59 0.920526 -0.031335
0.6 0.913189 -0.0309094
0.61 0.906024 -0.0304948
0.62 0.899025 -0.0300909
0.63 0.892186 -0.0296971
0.64 0.8855 -0.0293132
0.65 0.878962 -0.0289388
0.66 0.872567 -0.0285735
0.67 0.86631 -0.0282172
0.68 0.860185 -0.0278693
0.69 0.854188 -0.0275297
0.7 0.848315 -0.0271981
0.71 0.842561 -0.0268742
0.72 0.836923 -0.0265578
0.73 0.831396 -0.0262485
0.74 0.825977 -0.0259462
0.75 0.820663 -0.0256507
0.76 0.81545 -0.0253616
0.77 0.810335 -0.0250789
0.78 0.805315 -0.0248023
0.79 0.800388 -0.0245316
0.8 0.795549 -0.0242667
0.81 0.790798 -0.0240073
0.82 0.78613 -0.0237534
0.83 0.781544 -0.0235046
0.84 0.777038 -0.0232609
0.85 0.772608 -0.0230222
0.86 0.768253 -0.0227882
0.87 0.763971 -0.0225589
0.88 0.75976 -0.0223341
0.89 0.755618 -0.0221136
0.9 0.751543 -0.0218974
0.91 0.747533 -0.0216854
0.92 0.743586 -0.0214773
0.93 0.739702 -0.0212732
0.94 0.735877 -0.0210729
0.95 0.732112 -0.0208762
0.96 0.728403 -0.0206831
0.97 0.72475 -0.0204936
0.98 0.721152 -0.0203074
0.99 0.717607 -0.0201246
1 0.714113 -0.019945
1.01 0.71067 -0.0197685
1.02 0.707277 -0.0195952
1.03 0.703931 -0.0194247
1.04 0.700633 -0.0192572
1.05 0.69738 -0.0190926
1.06 0.694172 -0.0189307
1.07 0.691009 -0.0187715
1.08 0.687888 -0.0186149
1.09 0.684809 -0.0184609
1.1 0.68177 -0.0183094
1.11 0.678772 -0.0181604
1.12 0.675814 -0.0180138
1.13 0.672893 -0.0178694
1.14 0.67001 -0.0177274
1.15 0.667164 -0.0175876
1.16 0.664354 -0.0174499
1.17 0.661579 -0.0173144
1.18 0.658838 -0.0171809
1.19 0.656132 -0.0170495
1.2 0.653458 -0.01692
1.21 0.650817 -0.0167925
1.22 0.648207 -0.0166669
1.23 0.645629 -0.0165432
1.24 0.643081 -0.0164212
1.25 0.640563 -0.0163011
1.26 0.638075 -0.0161826
1.27 0.635615 -0.0160659
1.28 0.633183 -0.0159508
1.29 0.630779 -0.0158374
1.3 0.628403 -0.0157255
1.31 0.626053 -0.0156152
1.32 0.623729 -0.0155064
1.33 0.621431 -0.0153992
1.34 0.619158 -0.0152934
1.35 0.61691 -0.015189
1.36 0.614686 -0.015086
1.37 0.612486 -0.0149844
1.38 0.610309 -0.0148842
1.39 0.608156 -0.0147853
1.4 0.606025 -0.0146877
1.41 0.603916 -0.0145914
1.42 0.601829 -0.0144963
1.43 0.599764 -0.0144024
1.44 0.59772 -0.0143098
1.45 0.595696 -0.0142183
1.46 0.593693 -0.014128
1.47 0.59171 -0.0140388
1.48 0.589747 -0.0139508
1.49 0.587803 -0.0138638
1.5 0.585879 -0.0137779
1.51 0.583973 -0.013693
1.52 0.582085 -0.0136092
1.53 0.580216 -0.0135264
1.54 0.578365 -0.0134446
1.55 0.576531 -0.0133638
1.56 0.574715 -0.013284
1.57 0.572915 -0.013205
1.58 0.571133 -0.0131271
1.59 0.569367 -0.01305
1.6 0.567617 -0.0129738
1.61 0.565883 -0.0128985
1.62 0.564165 -0.0128241
1.63 0.562463 -0.0127505
1.64 0.560776 -0.0126778
1.65 0.559104 -0.0126059
1.66 0.557447 -0.0125348
1.67 0.555804 -0.0124644
1.68 0.554176 -0.0123949
1.69 0.552563 -0.0123261
1.7 0.550963 -0.0122581
1.71 0.549377 -0.0121909
1.72 0.547804 -0.0121243
1.73 0.546245 -0.0120585
1.74 0.5447 -0.0119934
1.75 0.543167 -0.011929
1.76 0.541647 -0.0118653
1.77 0.54014 -0.0118023
1.78 0.538646 -0.0117399
1.79 0.537163 -0.0116782
1.8 0.535693 -0.0116171
1.81 0.534235 -0.0115566
1.82 0.532789 -0.0114968
1.83 0.531354 -0.0114376
1.84 0.529931 -0.011379
1.85 0.52852 -0.011321
1.86 0.527119 -0.0112636
1.87 0.52573 -0.0112067
1.88 0.524352 -0.0111505
1.89 0.522984 -0.0110948
1.9 0.521627 -0.0110396
1.91 0.52028 -0.010985
1.92 0.518944 -0.0109309
1.93 0.517618 -0.0108773
1.94 0.516303 -0.0108243
1.95 0.514997 -0.0107718
1.96 0.513701 -0.0107198
1.97 0.512415 -0.0106683
1.98 0.511138 -0.0106173
1.99 0.509871 -0.0105667
2 0.508613 -0.0105167
2.01 0.507365 -0.0104671
2.02 0.506126 -0.010418
2.03 0.504895 -0.0103693
2.04 0.503674 -0.0103211
2.05 0.502462 -0.0102733
2.06 0.501258 -0.010226
2.07 0.500063 -0.0101791
2.08 0.498876 -0.0101326
2.09 0.497698 -0.0100866
2.1 0.496528 -0.010041
2.11 0.495366 -0.00999574
2.12 0.494212 -0.00995092
2.13 0.493067 -0.00990651
2.14 0.491929 -0.00986249
2.15 0.490799 -0.00981885
2.16 0.489677 -0.0097756
2.17 0.488563 -0.00973273
2.18 0.487456 -0.00969024
2.19 0.486356 -0.00964811
2.2 0.485264 -0.00960634
2.21 0.48418 -0.00956494
2.22 0.483102 -0.00952389
2.23 0.482032 -0.00948319
2.24 0.480969 -0.00944284
2.25 0.479913 -0.00940282
2.26 0.478864 -0.00936315
2.27 0.477821 -0.00932381
2.28 0.476786 -0.00928479
2.29 0.475757 -0.0092461
2.3 0.474734 -0.00920773
2.31 0.473719 -0.00916968
2.32 0.47271 -0.00913194
2.33 0.471707 -0.00909451
2.34 0.47071 -0.00905739
2.35 0.46972 -0.00902056
2.36 0.468736 -0.00898404
2.37 0.467758 -0.00894781
2.38 0.466787 -0.00891186
2.39 0.465821 -0.00887621
2.4 0.464861 -0.00884084
2.41 0.463908 -0.00880575
2.42 0.46296 -0.00877094
2.43 0.462018 -0.0087364
2.44 0.461081 -0.00870213
2.45 0.460151 -0.00866813
2.46 0.459225 -0.00863439
2.47 0.458306 -0.00860091
2.48 0.457392 -0.0085677
2.49 0.456483 -0.00853473
2.5 0.45558 -0.00850202
2.51 0.454682 -0.00846956
2.52 0.453789 -0.00843735
2.53 0.452902 -0.00840538
2.54 0.45202 -0.00837365
2.55 0.451143 -0.00834216
2.56 0.450271 -0.00831091
2.57 0.449404 -0.00827988
2.58 0.448542 -0.00824909
2.59 0.447685 -0.00821853
2.6 0.446833 -0.00818819
2.61 0.445986 -0.00815807
2.62 0.445143 -0.00812818
2.63 0.444306 -0.0080985
2.64 0.443473 -0.00806904
2.65 0.442644 -0.00803979
2.66 0.441821 -0.00801076
2.67 0.441002 -0.00798193
2.68 0.440187 -0.00795331
2.69 0.439377 -0.00792489
2.7 0.438571 -0.00789667
2.71 0.43777 -0.00786866
2.72 0.436973 -0.00784084
2.73 0.436181 -0.00781322
2.74 0.435393 -0.00778579
2.75 0.434609 -0.00775855
2.76 0.433829 -0.00773151
2.77 0.433053 -0.00770465
2.78 0.432282 -0.00767798
2.79 0.431515 -0.00765149
2.8 0.430752 -0.00762518
2.81 0.429992 -0.00759905
2.82 0.429237 -0.0075731
2.83 0.428486 -0.00754733
2.84 0.427739 -0.00752173
2.85 0.426995 -0.00749631
2.86 0.426256 -0.00747105
2.87 0.42552 -0.00744597
2.88 0.424788 -0.00742105
2.89 0.42406 -0.0073963
2.9 0.423336 -0.00737172
2.91 0.422615 -0.00734729
2.92 0.421898 -0.00732303
2.93 0.421185 -0.00729893
2.94 0.420475 -0.00727498
2.95 0.419769 -0.00725119
2.96 0.419066 -0.00722756
2.97 0.418367 -0.00720408
2.98 0.417671 -0.00718075
2.99 0.416979 -0.00715757
3 0.41629 -0.00713454
3.01 0.415605 -0.00711166
3.02 0.414923 -0.00708893
3.03 0.414244 -0.00706634
3.04 0.413569 -0.00704389
3.05 0.412897 -0.00702159
3.06 0.412228 -0.00699942
3.07 0.411562 -0.0069774
3.08 0.4109 -0.00695551
3.09 0.410241 -0.00693376
3.1 0.409585 -0.00691215
3.11 0.408932 -0.00689067
3.12 0.408282 -0.00686932
3.13 0.407636 -0.0068481
3.14 0.406992 -0.00682702
3.15 0.406352 -0.00680606
3.16 0.405714 -0.00678523
3.17 0.40508 -0.00676453
3.18 0.404448 -0.00674396
3.19 0.40382 -0.00672351
3.2 0.403194 -0.00670318
3.21 0.402571 -0.00668298
3.22 0.401951 -0.0066629
3.23 0.401334 -0.00664293
3.24 0.40072 -0.00662309
3.25 0.400108 -0.00660337
3.26 0.3995 -0.00658376
3.27 0.398894 -0.00656427
3.28 0.398291 -0.00654489
3.29 0.39769 -0.00652562
3.3 0.397093 -0.00650647
3.31 0.396498 -0.00648744
3.32 0.395905 -0.00646851
3.33 0.395316 -0.00644969
3.34 0.394729 -0.00643098
3.35 0.394144 -0.00641238
3.36 0.393562 -0.00639389
3.37 0.392983 -0.0063755
3.38 0.392406 -0.00635722
3.39 0.391832 -0.00633905
3.4 0.39126 -0.00632097
3.41 0.390691 -0.006303
3.42 0.390125 -0.00628514
3.43 0.38956 -0.00626737
3.44 0.388999 -0.0062497
3.45 0.388439 -0.00623213
3.46 0.387882 -0.00621466
3.47 0.387328 -0.00619729
3.48 0.386775 -0.00618001
3.49 0.386225 -0.00616283
3.5 0.385678 -0.00614575
3.51 0.385133 -0.00612876
3.52 0.38459 -0.00611186
3.53 0.384049 -0.00609506
3.54 0.383511 -0.00607835
3.55 0.382975 -0.00606173
3.56 0.382441 -0.0060452
3.57 0.381909 -0.00602876
3.58 0.38138 -0.00601241
3.59 0.380853 -0.00599615
3.6 0.380328 -0.00597997
3.61 0.379805 -0.00596389
3.62 0.379284 -0.00594789
3.63 0.378766 -0.00593197
3.64 0.378249 -0.00591614
3.65 0.377735 -0.00590039
3.66 0.377222 -0.00588473
3.67 0.376712 -0.00586915
3.68 0.376204 -0.00585365
3.69 0.375698 -0.00583824
3.7 0.375194 -0.0058229
3.71 0.374692 -0.00580765
3.72 0.374192 -0.00579247
3.73 0.373694 -0.00577737
3.74 0.373198 -0.00576236
3.75 0.372704 -0.00574742
3.76 0.372212 -0.00573255
3.77 0.371722 -0.00571777
3.78 0.371234 -0.00570306
3.79 0.370747 -0.00568842
3.8 0.370263 -0.00567386
3.81 0.36978 -0.00565938
3.82 0.3693 -0.00564497
3.83 0.368821 -0.00563063
3.84 0.368344 -0.00561636
3.85 0.367869 -0.00560217
3.86 0.367396 -0.00558805
3.87 0.366925 -0.00557399
3.88 0.366455 -0.00556001
3.89 0.365987 -0.0055461
3.9 0.365521 -0.00553226
3.91 0.365057 -0.00551849
3.92 0.364595 -0.00550478
3.93 0.364134 -0.00549115
3.94 0.363675 -0.00547758
3.95 0.363218 -0.00546408
3.96 0.362762 -0.00545064
3.97 0.362308 -0.00543727
3.98 0.361856 -0.00542397
3.99 0.361406 -0.00541073
4 0.360957 -0.00539755
4.01 0.36051 -0.00538444
4.02 0.360065 -0.00537139
4.03 0.359621 -0.00535841
4.04 0.359179 -0.00534548
4.05 0.358738 -0.00533263
4.06 0.358299 -0.00531983
4.07 0.357862 -0.00530709
4.08 0.357426 -0.00529441
4.09 0.356992 -0.0052818
4.1 0.35656 -0.00526924
4.11 0.356129 -0.00525675
4.12 0.355699 -0.00524431
4.13 0.355272 -0.00523193
4.14 0.354845 -0.00521961
4.15 0.354421 -0.00520735
4.16 0.353997 -0.00519514
4.17 0.353576 -0.00518299
4.18 0.353155 -0.0051709
4.19 0.352737 -0.00515887
4.2 0.352319 -0.00514689
4.21 0.351904 -0.00513497
4.22 0.351489 -0.0051231
4.23 0.351076 -0.00511128
4.24 0.350665 -0.00509952
4.25 0.350255 -0.00508782
4.26 0.349847 -0.00507617
4.27 0.34944 -0.00506457
4.28 0.349034 -0.00505302
4.29 0.34863 -0.00504153
4.3 0.348227 -0.00503009
4.31 0.347825 -0.0050187
4.32 0.347425 -0.00500736
4.33 0.347027 -0.00499607
4.34 0.346629 -0.00498484
4.35 0.346233 -0.00497365
4.36 0.345839 -0.00496251
4.37 0.345445 -0.00495143
4.38 0.345053 -0.00494039
4.39 0.344663 -0.0049294
4.4 0.344274 -0.00491847
4.41 0.343886 -0.00490758
4.42 0.343499 -0.00489673
4.43 0.343114 -0.00488594
4.44 0.34273 -0.00487519
4.45 0.342347 -0.00486449
4.46 0.341965 -0.00485384
4.47 0.341585 -0.00484323
4.48 0.341206 -0.00483267
4.49 0.340828 -0.00482216
4.5 0.340452 -0.00481169
4.51 0.340077 -0.00480127
4.52 0.339703 -0.00479089
4.53 0.33933 -0.00478056
4.54 0.338959 -0.00477027
4.55 0.338588 -0.00476002
4.56 0.338219 -0.00474982
4.57 0.337851 -0.00473966
4.58 0.337485 -0.00472955
4.59 0.337119 -0.00471948
4.6 0.336755 -0.00470945
4.61 0.336392 -0.00469946
4.62 0.33603 -0.00468952
4.63 0.335669 -0.00467962
4.64 0.335309 -0.00466976
4.65 0.334951 -0.00465994
4.66 0.334594 -0.00465016
4.67 0.334237 -0.00464043
4.68 0.333882 -0.00463073
4.69 0.333528 -0.00462108
4.7 0.333176 -0.00461146
4.71 0.332824 -0.00460189
4.72 0.332473 -0.00459235
4.73 0.332124 -0.00458286
4.74 0.331776 -0.0045734
4.75 0.331428 -0.00456398
4.76 0.331082 -0.0045546
4.77 0.330737 -0.00454526
4.78 0.330393 -0.00453596
4.79 0.33005 -0.00452669
4.8 0.329708 -0.00451747
4.81 0.329367 -0.00450828
4.82 0.329028 -0.00449913
4.83 0.328689 -0.00449001
4.84 0.328351 -0.00448093
4.85 0.328015 -0.00447189
4.86 0.327679 -0.00446289
4.87 0.327344 -0.00445392
4.88 0.327011 -0.00444499
4.89 0.326678 -0.00443609
4.9 0.326347 -0.00442723
4.91 0.326016 -0.0044184
4.92 0.325687 -0.00440961
4.93 0.325358 -0.00440085
4.94 0.325031 -0.00439213
4.95 0.324704 -0.00438345
4.96 0.324379 -0.00437479
4.97 0.324054 -0.00436617
4.98 0.323731 -0.00435759
4.99 0.323408 -0.00434904
5 0.323086 -0.00434052
5.01 0.322766 -0.00433204
5.02 0.322446 -0.00432359
5.03 0.322127 -0.00431517
5.04 0.321809 -0.00430678
5.05 0.321492 -0.00429843
5.06 0.321176 -0.00429011
5.07 0.320861 -0.00428182
5.08 0.320547 -0.00427356
5.09 0.320234 -0.00426534
5.1 0.319921 -0.00425714
5.11 0.31961 -0.00424898
5.12 0.3193 -0.00424085
5.13 0.31899 -0.00423275
5.14 0.318681 -0.00422468
5.15 0.318373 -0.00421664
5.16 0.318067 -0.00420864
5.17 0.317761 -0.00420066
5.18 0.317455 -0.00419271
5.19 0.317151 -0.0041848
5.2 0.316848 -0.00417691
5.21 0.316545 -0.00416905
5.22 0.316244 -0.00416122
5.23 0.315943 -0.00415342
5.24 0.315643 -0.00414566
5.25 0.315344 -0.00413791
5.26 0.315046 -0.0041302
5.27 0.314748 -0.00412252
5.28 0.314452 -0.00411487
5.29 0.314156 -0.00410724
5.3 0.313861 -0.00409964
5.31 0.313567 -0.00409207
5.32 0.313274 -0.00408453
5.33 0.312981 -0.00407702
5.34 0.31269 -0.00406953
5.35 0.312399 -0.00406207
5.36 0.312109 -0.00405464
5.37 0.31182 -0.00404723
5.38 0.311532 -0.00403986
5.39 0.311244 -0.0040325
5.4 0.310957 -0.00402518
5.41 0.310671 -0.00401788
5.42 0.310386 -0.00401061
5.43 0.310102 -0.00400337
5.44 0.309818 -0.00399615
5.45 0.309535 -0.00398895
5.46 0.309253 -0.00398179
5.47 0.308972 -0.00397465
5.48 0.308691 -0.00396753
5.49 0.308412 -0.00396044
5.5 0.308133 -0.00395337
5.51 0.307854 -0.00394634
5.52 0.307577 -0.00393932
5.53 0.3073 -0.00393233
5.54 0.307024 -0.00392536
5.55 0.306749 -0.00391842
5.56 0.306474 -0.00391151
5.57 0.306201 -0.00390462
5.58 0.305928 -0.00389775
5.59 0.305655 -0.00389091
5.6 0.305384 -0.00388409
5.61 0.305113 -0.00387729
5.62 0.304843 -0.00387052
5.63 0.304573 -0.00386377
5.64 0.304304 -0.00385705
5.65 0.304036 -0.00385034
5.66 0.303769 -0.00384367
5.67 0.303503 -0.00383701
5.68 0.303237 -0.00383038
5.69 0.302971 -0.00382377
5.7 0.302707 -0.00381718
5.71 0.302443 -0.00381062
5.72 0.30218 -0.00380408
5.73 0.301918 -0.00379756
5.74 0.301656 -0.00379106
5.75 0.301395 -0.00378459
5.76 0.301134 -0.00377814
5.77 0.300875 -0.00377171
5.78 0.300615 -0.0037653
5.79 0.300357 -0.00375891
5.8 0.300099 -0.00375255
5.81 0.299842 -0.0037462
5.82 0.299586 -0.00373988
5.83 0.29933 -0.00373358
5.84 0.299075 -0.0037273
5.85 0.298821 -0.00372104
5.86 0.298567 -0.0037148
5.87 0.298314 -0.00370859
5.88 0.298061 -0.00370239
5.89 0.297809 -0.00369622
5.9 0.297558 -0.00369006
5.91 0.297307 -0.00368393
5.92 0.297057 -0.00367781
5.93 0.296808 -0.00367172
5.94 0.296559 -0.00366565
5.95 0.296311 -0.00365959
5.96 0.296064 -0.00365356
5.97 0.295817 -0.00364754
5.98 0.295571 -0.00364155
5.99 0.295325 -0.00363558
6 0.29508 -0.00362962
6.01 0.294836 -0.00362369
6.02 0.294592 -0.00361777
6.03 0.294349 -0.00361187
6.04 0.294106 -0.003606
6.05 0.293864 -0.00360014
6.06 0.293623 -0.0035943
6.07 0.293382 -0.00358848
6.08 0.293142 -0.00358268
6.09 0.292902 -0.00357689
6.1 0.292663 -0.00357113
6.11 0.292425 -0.00356538
6.12 0.292187 -0.00355966
6.13 0.29195 -0.00355395
6.14 0.291713 -0.00354826
6.15 0.291477 -0.00354259
6.16 0.291241 -0.00353693
6.17 0.291006 -0.0035313
6.18 0.290772 -0.00352568
6.19 0.290538 -0.00352008
6.2 0.290305 -0.00351449
6.21 0.290072 -0.00350893
6.22 0.28984 -0.00350338
6.23 0.289608 -0.00349785
6.24 0.289377 -0.00349234
6.25 0.289147 -0.00348684
6.26 0.288917 -0.00348137
6.27 0.288687 -0.00347591
6.28 0.288458 -0.00347046
6.29 0.28823 -0.00346503
6.3 0.288002 -0.00345963
6.31 0.287775 -0.00345423
6.32 0.287548 -0.00344886
6.33 0.287322 -0.0034435
6.34 0.287097 -0.00343815
6.35 0.286871 -0.00343283
6.36 0.286647 -0.00342752
6.37 0.286423 -0.00342223
6.38 0.286199 -0.00341695
6.39 0.285976 -0.00341169
6.4 0.285754 -0.00340644
6.41 0.285532 -0.00340122
6.42 0.28531 -0.003396
6.43 0.285089 -0.00339081
6.44 0.284869 -0.00338563
6.45 0.284649 -0.00338046
6.46 0.28443 -0.00337531
6.47 0.284211 -0.00337018
6.48 0.283992 -0.00336506
6.49 0.283775 -0.00335996
6.5 0.283557 -0.00335487
6.51 0.28334 -0.0033498
6.52 0.283124 -0.00334474
6.53 0.282908 -0.0033397
6.54 0.282693 -0.00333468
6.55 0.282478 -0.00332967
6.56 0.282263 -0.00332467
6.57 0.282049 -0.00331969
6.58 0.281836 -0.00331472
6.59 0.281623 -0.00330977
6.6 0.28141 -0.00330484
6.61 0.281198 -0.00329992
6.62 0.280987 -0.00329501
6.63 0.280776 -0.00329012
6.64 0.280565 -0.00328524
6.65 0.280355 -0.00328038
6.66 0.280146 -0.00327553
6.67 0.279936 -0.00327069
6.68 0.279728 -0.00326587
6.69 0.279519 -0.00326107
6.7 0.279312 -0.00325627
6.71 0.279104 -0.0032515
6.72 0.278898 -0.00324673
6.73 0.278691 -0.00324198
6.74 0.278485 -0.00323725
6.75 0.27828 -0.00323252
6.76 0.278075 -0.00322781
6.77 0.27787 -0.00322312
6.78 0.277666 -0.00321844
6.79 0.277462 -0.00321377
6.8 0.277259 -0.00320912
6.81 0.277056 -0.00320448
6.82 0.276854 -0.00319985
6.83 0.276652 -0.00319523
6.84 0.276451 -0.00319063
6.85 0.27625 -0.00318605
6.86 0.276049 -0.00318147
6.87 0.275849 -0.00317691
6.88 0.275649 -0.00317236
6.89 0.27545 -0.00316783
6.9 0.275251 -0.00316331
6.91 0.275053 -0.0031588
6.92 0.274855 -0.0031543
6.93 0.274658 -0.00314982
6.94 0.27446 -0.00314535
6.95 0.274264 -0.00314089
6.96 0.274067 -0.00313644
6.97 0.273872 -0.00313201
6.98 0.273676 -0.00312759
6.99 0.273481 -0.00312318
7 0.273287 -0.00311878
7.01 0.273092 -0.0031144
7.02 0.272899 -0.00311003
7.03 0.272705 -0.00310567
7.04 0.272512 -0.00310132
7.05 0.27232 -0.00309699
7.06 0.272128 -0.00309267
7.07 0.271936 -0.00308836
7.08 0.271745 -0.00308406
7.09 0.271554 -0.00307977
7.1 0.271363 -0.0030755
7.11 0.271173 -0.00307123
7.12 0.270983 -0.00306698
7.13 0.270794 -0.00306274
7.14 0.270605 -0.00305852
7.15 0.270417 -0.0030543
7.16 0.270228 -0.0030501
7.17 0.270041 -0.0030459
7.18 0.269853 -0.00304172
7.19 0.269666 -0.00303755
7.2 0.26948 -0.0030334
7.21 0.269294 -0.00302925
7.22 0.269108 -0.00302511
7.23 0.268922 -0.00302099
7.24 0.268737 -0.00301688
7.25 0.268553 -0.00301277
7.26 0.268369 -0.00300868
7.27 0.268185 -0.0030046
7.28 0.268001 -0.00300054
7.29 0.267818 -0.00299648
7.3 0.267635 -0.00299243
7.31 0.267453 -0.0029884
7.32 0.267271 -0.00298437
7.33 0.267089 -0.00298036
7.34 0.266908 -0.00297635
7.35 0.266727 -0.00297236
7.36 0.266546 -0.00296838
7.37 0.266366 -0.00296441
7.38 0.266186 -0.00296045
7.39 0.266007 -0.0029565
7.4 0.265828 -0.00295256
7.41 0.265649 -0.00294863
7.42 0.265471 -0.00294471
7.43 0.265293 -0.0029408
7.44 0.265115 -0.00293691
7.45 0.264938 -0.00293302
7.46 0.264761 -0.00292914
7.47 0.264584 -0.00292527
7.48 0.264408 -0.00292142
7.49 0.264232 -0.00291757
7.5 0.264057 -0.00291373
7.51 0.263882 -0.00290991
7.52 0.263707 -0.00290609
7.53 0.263532 -0.00290229
7.54 0.263358 -0.00289849
7.55 0.263184 -0.0028947
7.56 0.263011 -0.00289093
7.57 0.262838 -0.00288716
7.58 0.262665 -0.0028834
7.59 0.262493 -0.00287966
7.6 0.262321 -0.00287592
7.61 0.262149 -0.00287219
7.62 0.261977 -0.00286847
7.63 0.261806 -0.00286476
7.64 0.261636 -0.00286106
7.65 0.261465 -0.00285738
7.66 0.261295 -0.0028537
7.67 0.261125 -0.00285002
7.68 0.260956 -0.00284636
7.69 0.260787 -0.00284271
7.7 0.260618 -0.00283907
7.71 0.26045 -0.00283544
7.72 0.260282 -0.00283181
7.73 0.260114 -0.0028282
7.74 0.259946 -0.00282459
7.75 0.259779 -0.002821
7.76 0.259613 -0.00281741
7.77 0.259446 -0.00281383
7.78 0.25928 -0.00281026
7.79 0.259114 -0.00280671
7.8 0.258948 -0.00280315
7.81 0.258783 -0.00279961
7.82 0.258618 -0.00279608
7.83 0.258454 -0.00279256
7.84 0.25829 -0.00278904
7.85 0.258126 -0.00278554
7.86 0.257962 -0.00278204
7.87 0.257799 -0.00277855
7.88 0.257636 -0.00277507
7.89 0.257473 -0.0027716
7.9 0.25731 -0.00276814
7.91 0.257148 -0.00276468
7.92 0.256987 -0.00276124
7.93 0.256825 -0.0027578
7.94 0.256664 -0.00275437
7.95 0.256503 -0.00275095
7.96 0.256342 -0.00274754
7.97 0.256182 -0.00274414
7.98 0.256022 -0.00274074
7.99 0.255863 -0.00273736
8 0.255703 -0.00273398
8.01 0.255544 -0.00273061
8.02 0.255385 -0.00272725
8.03 0.255227 -0.0027239
8.04 0.255069 -0.00272055
8.05 0.254911 -0.00271722
8.06 0.254753 -0.00271389
8.07 0.254596 -0.00271057
8.08 0.254439 -0.00270726
8.09 0.254282 -0.00270396
8.1 0.254126 -0.00270066
8.11 0.253969 -0.00269737
8.12 0.253814 -0.00269409
8.13 0.253658 -0.00269082
8.14 0.253503 -0.00268756
8.15 0.253348 -0.0026843
8.16 0.253193 -0.00268105
8.17 0.253039 -0.00267781
8.18 0.252884 -0.00267458
8.19 0.252731 -0.00267136
8.2 0.252577 -0.00266814
8.21 0.252424 -0.00266493
8.22 0.252271 -0.00266173
8.23 0.252118 -0.00265854
8.24 0.251965 -0.00265535
8.25 0.251813 -0.00265217
8.26 0.251661 -0.002649
8.27 0.25151 -0.00264584
8.28 0.251358 -0.00264268
8.29 0.251207 -0.00263953
8.3 0.251056 -0.00263639
8.31 0.250906 -0.00263326
8.32 0.250755 -0.00263014
8.33 0.250605 -0.00262702
8.34 0.250456 -0.00262391
8.35 0.250306 -0.0026208
8.36 0.250157 -0.00261771
8.37 0.250008 -0.00261462
8.38 0.249859 -0.00261154
8.39 0.249711 -0.00260846
8.4 0.249563 -0.0026054
8.41 0.249415 -0.00260234
8.42 0.249267 -0.00259928
8.43 0.24912 -0.00259624
8.44 0.248973 -0.0025932
8.45 0.248826 -0.00259017
8.46 0.248679 -0.00258714
8.47 0.248533 -0.00258413
8.48 0.248387 -0.00258112
8.49 0.248241 -0.00257811
8.5 0.248095 -0.00257512
8.51 0.24795 -0.00257213
8.52 0.247805 -0.00256914
8.53 0.24766 -0.00256617
8.54 0.247516 -0.0025632
8.55 0.247371 -0.00256024
8.56 0.247227 -0.00255728
8.57 0.247083 -0.00255434
8.58 0.24694 -0.0025514
8.59 0.246797 -0.00254846
8.6 0.246654 -0.00254553
8.61 0.246511 -0.00254261
8.62 0.246368 -0.0025397
8.63 0.246226 -0.00253679
8.64 0.246084 -0.00253389
8.65 0.245942 -0.00253099
8.66 0.245801 -0.00252811
8.67 0.245659 -0.00252523
8.68 0.245518 -0.00252235
8.69 0.245377 -0.00251948
8.7 0.245237 -0.00251662
8.71 0.245096 -0.00251377
8.72 0.244956 -0.00251092
8.73 0.244816 -0.00250808
8.74 0.244677 -0.00250524
8.75 0.244537 -0.00250241
8.76 0.244398 -0.00249959
8.77 0.244259 -0.00249677
8.78 0.244121 -0.00249396
8.79 0.243982 -0.00249116
8.8 0.243844 -0.00248836
8.81 0.243706 -0.00248557
8.82 0.243568 -0.00248278
8.83 0.243431 -0.00248
8.84 0.243294 -0.00247723
8.85 0.243157 -0.00247447
8.86 0.24302 -0.00247171
8.87 0.242883 -0.00246895
8.88 0.242747 -0.0024662
8.89 0.242611 -0.00246346
8.9 0.242475 -0.00246073
8.91 0.242339 -0.002458
8.92 0.242204 -0.00245527
8.93 0.242069 -0.00245255
8.94 0.241934 -0.00244984
8.95 0.241799 -0.00244714
8.96 0.241664 -0.00244444
8.97 0.24153 -0.00244174
8.98 0.241396 -0.00243906
8.99 0.241262 -0.00243637
9 0.241128 -0.0024337
9.01 0.240995 -0.00243103
9.02 0.240862 -0.00242836
9.03 0.240729 -0.00242571
9.04 0.240596 -0.00242305
9.05 0.240464 -0.00242041
9.06 0.240331 -0.00241776
9.07 0.240199 -0.00241513
9.08 0.240067 -0.0024125
9.09 0.239936 -0.00240988
9.1 0.239804 -0.00240726
9.11 0.239673 -0.00240465
9.12 0.239542 -0.00240204
9.13 0.239411 -0.00239944
9.14 0.239281 -0.00239684
9.15 0.23915 -0.00239425
9.16 0.23902 -0.00239167
9.17 0.23889 -0.00238909
9.18 0.23876 -0.00238652
9.19 0.238631 -0.00238395
9.2 0.238502 -0.00238139
9.21 0.238372 -0.00237883
9.22 0.238244 -0.00237628
9.23 0.238115 -0.00237373
9.24 0.237986 -0.00237119
9.25 0.237858 -0.00236866
9.26 0.23773 -0.00236613
9.27 0.237602 -0.0023636
9.28 0.237475 -0.00236109
9.29 0.237347 -0.00235857
9.3 0.23722 -0.00235606
9.31 0.237093 -0.00235356
9.32 0.236966 -0.00235106
9.33 0.236839 -0.00234857
9.34 0.236713 -0.00234609
9.35 0.236587 -0.0023436
9.36 0.236461 -0.00234113
9.37 0.236335 -0.00233866
9.38 0.236209 -0.00233619
9.39 0.236084 -0.00233373
9.4 0.235959 -0.00233128
9.41 0.235834 -0.00232882
9.42 0.235709 -0.00232638
9.43 0.235584 -0.00232394
9.44 0.23546 -0.0023215
9.45 0.235336 -0.00231908
9.46 0.235212 -0.00231665
9.47 0.235088 -0.00231423
9.48 0.234964 -0.00231182
9.49 0.234841 -0.00230941
9.5 0.234717 -0.002307
9.51 0.234594 -0.0023046
9.52 0.234471 -0.00230221
9.53 0.234349 -0.00229982
9.54 0.234226 -0.00229743
9.55 0.234104 -0.00229505
9.56 0.233982 -0.00229268
9.57 0.23386 -0.00229031
9.58 0.233738 -0.00228794
9.59 0.233617 -0.00228558
9.6 0.233495 -0.00228323
9.61 0.233374 -0.00228088
9.62 0.233253 -0.00227853
9.63 0.233133 -0.00227619
9.64 0.233012 -0.00227386
9.65 0.232892 -0.00227153
9.66 0.232771 -0.0022692
9.67 0.232651 -0.00226688
9.68 0.232532 -0.00226456
9.69 0.232412 -0.00226225
9.7 0.232292 -0.00225994
9.71 0.232173 -0.00225764
9.72 0.232054 -0.00225534
9.73 0.231935 -0.00225305
9.74 0.231816 -0.00225076
9.75 0.231698 -0.00224848
9.76 0.231579 -0.0022462
9.77 0.231461 -0.00224392
9.78 0.231343 -0.00224165
9.79 0.231225 -0.00223939
9.8 0.231108 -0.00223712
9.81 0.23099 -0.00223487
9.82 0.230873 -0.00223262
9.83 0.230756 -0.00223037
9.84 0.230639 -0.00222813
9.85 0.230522 -0.00222589
9.86 0.230406 -0.00222365
9.87 0.230289 -0.00222142
9.88 0.230173 -0.0022192
9.89 0.230057 -0.00221698
9.9 0.229941 -0.00221476
9.91 0.229825 -0.00221255
9.92 0.22971 -0.00221034
9.93 0.229594 -0.00220814
9.94 0.229479 -0.00220594
9.95 0.229364 -0.00220375
9.96 0.229249 -0.00220156
9.97 0.229135 -0.00219937
9.98 0.22902 -0.00219719
9.99 0.228906 -0.00219502
10 0.228792 -0.00219284
