0.0001 0.233381 -4.78924e-06
0.000120802 0.233384 -5.78546e-06
0.000143568 0.233386 -6.87576e-06
0.000168298 0.233389 -8.06012e-06
0.000194992 0.233392 -9.33855e-06
0.000223651 0.233395 -1.0711e-05
0.000254273 0.233398 -1.21776e-05
0.00028686 0.233402 -1.37382e-05
0.000321411 0.233405 -1.53928e-05
0.000357925 0.233409 -1.71415e-05
0.000396405 0.233414 -1.89843e-05
0.000436848 0.233418 -2.09211e-05
0.000479255 0.233423 -2.2952e-05
0.000523626 0.233428 -2.50769e-05
0.000569962 0.233433 -2.72958e-05
0.000618262 0.233438 -2.96088e-05
0.000668525 0.233443 -3.20159e-05
0.000720753 0.233449 -3.4517e-05
0.000774945 0.233455 -3.71121e-05
0.000831101 0.233461 -3.98012e-05
0.000889222 0.233468 -4.25844e-05
0.000949306 0.233474 -4.54617e-05
0.00101135 0.233481 -4.84329e-05
0.00107537 0.233488 -5.14982e-05
0.00114134 0.233495 -5.46575e-05
0.00120928 0.233503 -5.79108e-05
0.00127919 0.23351 -6.12582e-05
0.00135106 0.233518 -6.46995e-05
0.00142489 0.233526 -6.82349e-05
0.00150069 0.233534 -7.18643e-05
0.00157845 0.233543 -7.55877e-05
0.00165818 0.233552 -7.94051e-05
0.00173987 0.233561 -8.33165e-05
0.00182352 0.23357 -8.73219e-05
0.00190914 0.233579 -9.14213e-05
0.00199672 0.233589 -9.56147e-05
0.00208627 0.233598 -9.99021e-05
0.00217778 0.233608 -0.000104283
0.00227125 0.233619 -0.000108759
0.00236669 0.233629 -0.000113328
0.00246409 0.23364 -0.000117991
0.00256346 0.233651 -0.000122749
0.00266479 0.233662 -0.0001276
0.00276809 0.233673 -0.000132545
0.00287335 0.233684 -0.000137584
0.00298057 0.233696 -0.000142717
0.00308976 0.233708 -0.000147944
0.00320091 0.23372 -0.000153265
0.00331402 0.233733 -0.00015868
0.0034291 0.233745 -0.000164189
0.00354615 0.233758 -0.000169792
0.00366516 0.233771 -0.000175489
0.00378613 0.233784 -0.000181279
0.00390907 0.233797 -0.000187164
0.00403397 0.233811 -0.000193143
0.00416083 0.233825 -0.000199215
0.00428966 0.233839 -0.000205381
0.00442045 0.233853 -0.000211641
0.00455321 0.233868 -0.000217996
0.00468793 0.233882 -0.000224444
0.00482462 0.233897 -0.000230985
0.00496327 0.233912 -0.000237621
0.00510388 0.233928 -0.000244351
0.00524646 0.233943 -0.000251174
0.005391 0.233959 -0.000258092
0.00553751 0.233975 -0.000265103
0.00568598 0.233991 -0.000272208
0.00583641 0.234008 -0.000279407
0.00598881 0.234024 -0.0002867
0.00614317 0.234041 -0.000294086
0.0062995 0.234058 -0.000301566
0.00645779 0.234075 -0.000309141
0.00661804 0.234093 -0.000316809
0.00678026 0.234111 -0.000324571
0.00694444 0.234128 -0.000332426
0.00711059 0.234146 -0.000340376
0.0072787 0.234165 -0.000348419
0.00744878 0.234183 -0.000356556
0.00762082 0.234202 -0.000364787
0.00779482 0.234221 -0.000373111
0.00797079 0.23424 -0.000381529
0.00814872 0.234259 -0.000390041
0.00832862 0.234279 -0.000398647
0.00851048 0.234299 -0.000407347
0.0086943 0.234319 -0.00041614
0.00888009 0.234339 -0.000425027
0.00906784 0.234359 -0.000434008
0.00925756 0.23438 -0.000443082
0.00944924 0.234401 -0.00045225
0.00964289 0.234422 -0.000461512
0.0098385 0.234443 -0.000470868
0.0100361 0.234465 -0.000480317
0.0102356 0.234486 -0.00048986
0.0104371 0.234508 -0.000499496
0.0106406 0.23453 -0.000509227
0.010846 0.234553 -0.00051905
0.0110534 0.234575 -0.000528968
0.0112628 0.234598 -0.000538979
0.0114741 0.234621 -0.000549084
0.0116874 0.234644 -0.000559282
0.0119026 0.234667 -0.000569574
0.0121198 0.234691 -0.00057996
0.012339 0.234715 -0.000590439
0.0125601 0.234739 -0.000601011
0.0127833 0.234763 -0.000611678
0.0130083 0.234787 -0.000622438
0.0132354 0.234812 -0.000633291
0.0134644 0.234837 -0.000644238
0.0136953 0.234862 -0.000655279
0.0139283 0.234887 -0.000666413
0.0141631 0.234913 -0.00067764
0.0144 0.234938 -0.000688961
0.0146388 0.234964 -0.000700376
0.0148796 0.23499 -0.000711884
0.0151224 0.235017 -0.000723486
0.0153671 0.235043 -0.000735181
0.0156137 0.23507 -0.000746969
0.0158624 0.235097 -0.000758851
0.016113 0.235124 -0.000770827
0.0163656 0.235151 -0.000782895
0.0166201 0.235179 -0.000795058
0.0168766 0.235206 -0.000807313
0.017135 0.235234 -0.000819662
0.0173955 0.235263 -0.000832105
0.0176579 0.235291 -0.000844641
0.0179222 0.23532 -0.00085727
0.0181885 0.235348 -0.000869993
0.0184568 0.235377 -0.000882809
0.0187271 0.235406 -0.000895718
0.0189993 0.235436 -0.000908721
0.0192734 0.235466 -0.000921817
0.0195496 0.235495 -0.000935006
0.0198277 0.235525 -0.000948288
0.0201078 0.235556 -0.000961664
0.0203898 0.235586 -0.000975133
0.0206738 0.235617 -0.000988696
0.0209597 0.235648 -0.00100235
0.0212477 0.235679 -0.0010161
0.0215375 0.23571 -0.00102994
0.0218294 0.235741 -0.00104388
0.0221232 0.235773 -0.00105791
0.022419 0.235805 -0.00107203
0.0227167 0.235837 -0.00108624
0.0230164 0.235869 -0.00110055
0.0233181 0.235902 -0.00111495
0.0236218 0.235934 -0.00112945
0.0239274 0.235967 -0.00114403
0.0242349 0.236 -0.00115872
0.0245444 0.236034 -0.00117349
0.0248559 0.236067 -0.00118836
0.0251694 0.236101 -0.00120332
0.0254848 0.236135 -0.00121837
0.0258022 0.236169 -0.00123352
0.0261215 0.236203 -0.00124876
0.0264429 0.236238 -0.00126409
0.0267661 0.236273 -0.00127951
0.0270914 0.236308 -0.00129503
0.0274186 0.236343 -0.00131064
0.0277478 0.236378 -0.00132635
0.0280789 0.236414 -0.00134214
0.028412 0.23645 -0.00135803
0.028747 0.236485 -0.00137402
0.0290841 0.236522 -0.00139009
0.0294231 0.236558 -0.00140626
0.029764 0.236595 -0.00142253
0.0301069 0.236631 -0.00143888
0.0304518 0.236668 -0.00145533
0.0307987 0.236706 -0.00147187
0.0311475 0.236743 -0.0014885
0.0314983 0.23678 -0.00150523
0.031851 0.236818 -0.00152205
0.0322057 0.236856 -0.00153896
0.0325624 0.236894 -0.00155597
0.032921 0.236933 -0.00157306
0.0332816 0.236971 -0.00159025
0.0336442 0.23701 -0.00160754
0.0340087 0.237049 -0.00162491
0.0343752 0.237088 -0.00164238
0.0347436 0.237128 -0.00165994
0.035114 0.237167 -0.0016776
0.0354864 0.237207 -0.00169534
0.0358608 0.237247 -0.00171318
0.0362371 0.237287 -0.00173112
0.0366153 0.237328 -0.00174914
0.0369956 0.237368 -0.00176726
0.0373778 0.237409 -0.00178547
0.0377619 0.23745 -0.00180377
0.0381481 0.237491 -0.00182217
0.0385362 0.237533 -0.00184066
0.0389262 0.237574 -0.00185924
0.0393182 0.237616 -0.00187791
0.0397122 0.237658 -0.00189667
0.0401082 0.2377 -0.00191553
0.0405061 0.237743 -0.00193448
0.040906 0.237785 -0.00195353
0.0413078 0.237828 -0.00197266
0.0417116 0.237871 -0.00199189
0.0421174 0.237914 -0.00201121
0.0425251 0.237957 -0.00203062
0.0429348 0.238001 -0.00205013
0.0433465 0.238045 -0.00206973
0.0437601 0.238089 -0.00208942
0.0441757 0.238133 -0.0021092
0.0445933 0.238177 -0.00212907
0.0450128 0.238222 -0.00214904
0.0454343 0.238267 -0.0021691
0.0458577 0.238312 -0.00218925
0.0462831 0.238357 -0.0022095
0.0467105 0.238402 -0.00222983
0.0471398 0.238448 -0.00225026
0.0475711 0.238493 -0.00227078
0.0480044 0.238539 -0.0022914
0.0484396 0.238585 -0.0023121
0.0488768 0.238632 -0.0023329
0.049316 0.238678 -0.00235379
0.0497571 0.238725 -0.00237477
0.0502002 0.238772 -0.00239584
0.0506453 0.238819 -0.00241701
0.0510923 0.238866 -0.00243827
0.0515413 0.238914 -0.00245962
0.0519922 0.238961 -0.00248106
0.0524451 0.239009 -0.00250259
0.0529 0.239057 -0.00252422
0.0533568 0.239105 -0.00254594
0.0538156 0.239154 -0.00256775
0.0542764 0.239202 -0.00258965
0.0547391 0.239251 -0.00261164
0.0552038 0.2393 -0.00263373
0.0556705 0.239349 -0.00265591
0.0561391 0.239399 -0.00267818
0.0566097 0.239448 -0.00270054
0.0570822 0.239498 -0.00272299
0.0575568 0.239548 -0.00274554
0.0580332 0.239598 -0.00276818
0.0585117 0.239649 -0.00279091
0.0589921 0.239699 -0.00281373
0.0594745 0.23975 -0.00283664
0.0599588 0.239801 -0.00285964
0.0604451 0.239852 -0.00288274
0.0609334 0.239903 -0.00290593
0.0614236 0.239955 -0.00292921
0.0619158 0.240007 -0.00295258
0.0624099 0.240059 -0.00297604
0.0629061 0.240111 -0.0029996
0.0634041 0.240163 -0.00302324
0.0639042 0.240215 -0.00304698
0.0644062 0.240268 -0.00307081
0.0649102 0.240321 -0.00309473
0.0654161 0.240374 -0.00311874
0.065924 0.240427 -0.00314285
0.0664339 0.24048 -0.00316704
0.0669457 0.240534 -0.00319133
0.0674595 0.240588 -0.00321571
0.0679753 0.240642 -0.00324018
0.068493 0.240696 -0.00326474
0.0690127 0.24075 -0.00328939
0.0695344 0.240805 -0.00331414
0.070058 0.240859 -0.00333897
0.0705836 0.240914 -0.0033639
0.0711111 0.240969 -0.00338892
0.0716406 0.241025 -0.00341403
0.0721721 0.24108 -0.00343923
0.0727055 0.241136 -0.00346452
0.0732409 0.241192 -0.00348991
0.0737783 0.241248 -0.00351538
0.0743176 0.241304 -0.00354095
0.0748589 0.24136 -0.0035666
0.0754022 0.241417 -0.00359235
0.0759474 0.241474 -0.00361819
0.0764946 0.24153 -0.00364412
0.0770438 0.241588 -0.00367014
0.0775949 0.241645 -0.00369626
0.078148 0.241702 -0.00372246
0.078703 0.24176 -0.00374875
0.07926 0.241818 -0.00377514
0.079819 0.241876 -0.00380162
0.0803799 0.241934 -0.00382819
0.0809428 0.241993 -0.00385484
0.0815077 0.242051 -0.00388159
0.0820745 0.24211 -0.00390843
0.0826433 0.242169 -0.00393537
0.0832141 0.242228 -0.00396239
0.0837868 0.242287 -0.0039895
0.0843615 0.242347 -0.00401671
0.0849381 0.242406 -0.004044
0.0855167 0.242466 -0.00407139
0.0860973 0.242526 -0.00409886
0.0866798 0.242587 -0.00412643
0.0872644 0.242647 -0.00415409
0.0878508 0.242708 -0.00418184
0.0884393 0.242768 -0.00420968
0.0890297 0.242829 -0.00423761
0.089622 0.24289 -0.00426563
0.0902163 0.242952 -0.00429374
0.0908126 0.243013 -0.00432194
0.0914109 0.243075 -0.00435023
0.0920111 0.243137 -0.00437862
0.0926133 0.243199 -0.00440709
0.0932174 0.243261 -0.00443565
0.0938236 0.243323 -0.00446431
0.0944316 0.243386 -0.00449305
0.0950417 0.243449 -0.00452189
0.0956537 0.243511 -0.00455081
0.0962676 0.243575 -0.00457983
0.0968836 0.243638 -0.00460894
0.0975015 0.243701 -0.00463813
0.0981213 0.243765 -0.00466742
0.0987432 0.243829 -0.0046968
0.0993669 0.243893 -0.00472626
0.0999927 0.243957 -0.00475582
0.10062 0.244021 -0.00478547
0.10125 0.244086 -0.00481521
0.101882 0.24415 -0.00484504
0.102515 0.244215 -0.00487496
0.103151 0.24428 -0.00490496
0.103788 0.244345 -0.00493506
0.104428 0.244411 -0.00496525
0.105069 0.244476 -0.00499553
0.105713 0.244542 -0.0050259
0.106358 0.244608 -0.00505636
0.107006 0.244674 -0.00508691
0.107655 0.24474 -0.00511755
0.108306 0.244807 -0.00514828
0.108959 0.244873 -0.00517909
0.109615 0.24494 -0.00521
0.110272 0.245007 -0.005241
0.110931 0.245074 -0.00527209
0.111592 0.245141 -0.00530327
0.112255 0.245209 -0.00533454
0.11292 0.245276 -0.00536589
0.113587 0.245344 -0.00539734
0.114256 0.245412 -0.00542888
0.114927 0.24548 -0.0054605
0.1156 0.245549 -0.00549222
0.116275 0.245617 -0.00552403
0.116952 0.245686 -0.00555592
0.11763 0.245755 -0.00558791
0.118311 0.245824 -0.00561998
0.118994 0.245893 -0.00565215
0.119679 0.245962 -0.0056844
0.120365 0.246032 -0.00571674
0.121054 0.246101 -0.00574918
0.121744 0.246171 -0.0057817
0.122437 0.246241 -0.00581431
0.123131 0.246311 -0.00584701
0.123828 0.246382 -0.0058798
0.124526 0.246452 -0.00591268
0.125227 0.246523 -0.00594565
0.125929 0.246594 -0.00597871
0.126633 0.246665 -0.00601186
0.12734 0.246736 -0.00604509
0.128048 0.246807 -0.00607842
0.128758 0.246879 -0.00611183
0.12947 0.24695 -0.00614534
0.130184 0.247022 -0.00617893
0.130901 0.247094 -0.00621261
0.131619 0.247166 -0.00624638
0.132339 0.247239 -0.00628025
0.133061 0.247311 -0.00631419
0.133785 0.247384 -0.00634823
0.134511 0.247457 -0.00638236
0.135238 0.24753 -0.00641658
0.135968 0.247603 -0.00645088
0.1367 0.247676 -0.00648528
0.137434 0.24775 -0.00651976
0.13817 0.247823 -0.00655433
0.138907 0.247897 -0.00658899
0.139647 0.247971 -0.00662374
0.140389 0.248045 -0.00665858
0.141132 0.24812 -0.00669351
0.141878 0.248194 -0.00672852
0.142625 0.248269 -0.00676362
0.143375 0.248343 -0.00679882
0.144126 0.248418 -0.0068341
0.14488 0.248494 -0.00686947
0.145635 0.248569 -0.00690493
0.146392 0.248644 -0.00694047
0.147152 0.24872 -0.00697611
0.147913 0.248796 -0.00701183
0.148676 0.248872 -0.00704765
0.149441 0.248948 -0.00708355
0.150209 0.249024 -0.00711954
0.150978 0.2491 -0.00715561
0.151749 0.249177 -0.00719178
0.152522 0.249254 -0.00722803
0.153297 0.24933 -0.00726437
0.154074 0.249407 -0.0073008
0.154853 0.249485 -0.00733732
0.155634 0.249562 -0.00737393
0.156417 0.24964 -0.00741063
0.157202 0.249717 -0.00744741
0.157988 0.249795 -0.00748428
0.158777 0.249873 -0.00752124
0.159568 0.249951 -0.00755829
0.160361 0.250029 -0.00759542
0.161155 0.250108 -0.00763265
0.161952 0.250187 -0.00766996
0.16275 0.250265 -0.00770736
0.163551 0.250344 -0.00774484
0.164354 0.250423 -0.00778242
0.165158 0.250503 -0.00782008
0.165964 0.250582 -0.00785783
0.166773 0.250661 -0.00789567
0.167583 0.250741 -0.00793359
0.168396 0.250821 -0.00797161
0.16921 0.250901 -0.00800971
0.170026 0.250981 -0.0080479
0.170844 0.251061 -0.00808618
0.171665 0.251142 -0.00812454
0.172487 0.251223 -0.00816299
0.173311 0.251303 -0.00820153
0.174137 0.251384 -0.00824016
0.174965 0.251465 -0.00827887
0.175795 0.251547 -0.00831767
0.176627 0.251628 -0.00835656
0.177461 0.251709 -0.00839554
0.178297 0.251791 -0.0084346
0.179135 0.251873 -0.00847375
0.179975 0.251955 -0.00851299
0.180816 0.252037 -0.00855232
0.18166 0.252119 -0.00859173
0.182506 0.252202 -0.00863123
0.183354 0.252284 -0.00867082
0.184203 0.252367 -0.00871049
0.185055 0.25245 -0.00875025
0.185909 0.252533 -0.0087901
0.186764 0.252616 -0.00883004
0.187622 0.2527 -0.00887006
0.188481 0.252783 -0.00891017
0.189343 0.252867 -0.00895037
0.190206 0.25295 -0.00899065
0.191071 0.253034 -0.00903102
0.191939 0.253118 -0.00907148
0.192808 0.253203 -0.00911202
0.193679 0.253287 -0.00915265
0.194553 0.253372 -0.00919337
0.195428 0.253456 -0.00923417
0.196305 0.253541 -0.00927506
0.197184 0.253626 -0.00931604
0.198065 0.253711 -0.00935711
0.198948 0.253796 -0.00939826
0.199833 0.253882 -0.00943949
0.20072 0.253967 -0.00948082
0.201609 0.254053 -0.00952223
0.2025 0.254139 -0.00956373
0.203393 0.254225 -0.00960531
0.204288 0.254311 -0.00964698
0.205185 0.254397 -0.00968873
0.206083 0.254483 -0.00973058
0.206984 0.25457 -0.00977251
0.207887 0.254657 -0.00981452
0.208791 0.254743 -0.00985662
0.209698 0.25483 -0.00989881
0.210607 0.254918 -0.00994108
0.211517 0.255005 -0.00998344
0.21243 0.255092 -0.0100259
0.213344 0.25518 -0.0100684
0.214261 0.255267 -0.010111
0.215179 0.255355 -0.0101537
0.216099 0.255443 -0.0101965
0.217022 0.255531 -0.0102394
0.217946 0.25562 -0.0102824
0.218872 0.255708 -0.0103254
0.2198 0.255796 -0.0103686
0.220731 0.255885 -0.0104118
0.221663 0.255974 -0.0104551
0.222597 0.256063 -0.0104985
0.223533 0.256152 -0.0105419
0.224471 0.256241 -0.0105855
0.225411 0.25633 -0.0106292
0.226353 0.25642 -0.0106729
0.227297 0.25651 -0.0107167
0.228243 0.256599 -0.0107606
0.229191 0.256689 -0.0108046
0.230141 0.256779 -0.0108487
0.231092 0.256869 -0.0108928
0.232046 0.25696 -0.0109371
0.233002 0.25705 -0.0109814
0.23396 0.257141 -0.0110258
0.234919 0.257232 -0.0110703
0.235881 0.257322 -0.0111149
0.236844 0.257413 -0.0111596
0.23781 0.257505 -0.0112044
0.238778 0.257596 -0.0112492
0.239747 0.257687 -0.0112941
0.240718 0.257779 -0.0113391
0.241692 0.25787 -0.0113842
0.242667 0.257962 -0.0114294
0.243645 0.258054 -0.0114747
0.244624 0.258146 -0.01152
0.245605 0.258238 -0.0115655
0.246588 0.258331 -0.011611
0.247573 0.258423 -0.0116566
0.248561 0.258516 -0.0117023
0.24955 0.258609 -0.0117481
0.250541 0.258701 -0.0117939
0.251534 0.258794 -0.0118399
0.252529 0.258888 -0.0118859
0.253526 0.258981 -0.011932
0.254525 0.259074 -0.0119782
0.255526 0.259168 -0.0120245
0.256529 0.259261 -0.0120709
0.257533 0.259355 -0.0121174
0.25854 0.259449 -0.0121639
0.259549 0.259543 -0.0122105
0.26056 0.259637 -0.0122572
0.261572 0.259731 -0.012304
0.262587 0.259826 -0.0123509
0.263604 0.25992 -0.0123979
0.264622 0.260015 -0.0124449
0.265643 0.26011 -0.012492
0.266665 0.260205 -0.0125392
0.26769 0.2603 -0.0125865
0.268716 0.260395 -0.0126339
0.269745 0.26049 -0.0126814
0.270775 0.260586 -0.0127289
0.271807 0.260681 -0.0127766
0.272842 0.260777 -0.0128243
0.273878 0.260873 -0.0128721
0.274916 0.260969 -0.01292
0.275956 0.261065 -0.012968
0.276998 0.261161 -0.013016
0.278042 0.261258 -0.0130641
0.279089 0.261354 -0.0131124
0.280137 0.261451 -0.0131607
0.281187 0.261547 -0.0132091
0.282239 0.261644 -0.0132575
0.283292 0.261741 -0.0133061
0.284348 0.261838 -0.0133547
0.285406 0.261935 -0.0134035
0.286466 0.262033 -0.0134523
0.287528 0.26213 -0.0135012
0.288592 0.262228 -0.0135501
0.289657 0.262325 -0.0135992
0.290725 0.262423 -0.0136483
0.291795 0.262521 -0.0136975
0.292866 0.262619 -0.0137469
0.29394 0.262717 -0.0137962
0.295015 0.262816 -0.0138457
0.296093 0.262914 -0.0138953
0.297172 0.263013 -0.0139449
0.298254 0.263111 -0.0139946
0.299337 0.26321 -0.0140444
0.300422 0.263309 -0.0140943
0.30151 0.263408 -0.0141443
0.302599 0.263507 -0.0141944
0.30369 0.263606 -0.0142445
0.304784 0.263706 -0.0142947
0.305879 0.263805 -0.014345
0.306976 0.263905 -0.0143954
0.308075 0.264005 -0.0144459
0.309176 0.264104 -0.0144964
0.310279 0.264204 -0.0145471
0.311384 0.264304 -0.0145978
0.312491 0.264405 -0.0146486
0.3136 0.264505 -0.0146995
0.314711 0.264605 -0.0147504
0.315824 0.264706 -0.0148015
0.316939 0.264807 -0.0148526
0.318055 0.264907 -0.0149038
0.319174 0.265008 -0.0149551
0.320295 0.265109 -0.0150065
0.321417 0.26521 -0.0150579
0.322542 0.265312 -0.0151095
0.323669 0.265413 -0.0151611
0.324797 0.265514 -0.0152128
0.325928 0.265616 -0.0152646
0.32706 0.265718 -0.0153165
0.328195 0.26582 -0.0153684
0.329331 0.265922 -0.0154204
0.33047 0.266024 -0.0154726
0.33161 0.266126 -0.0155248
0.332752 0.266228 -0.015577
0.333897 0.26633 -0.0156294
0.335043 0.266433 -0.0156818
0.336191 0.266535 -0.0157344
0.337341 0.266638 -0.015787
0.338493 0.266741 -0.0158397
0.339647 0.266844 -0.0158924
0.340804 0.266947 -0.0159453
0.341962 0.26705 -0.0159982
0.343122 0.267153 -0.0160512
0.344283 0.267257 -0.0161043
0.345447 0.26736 -0.0161575
0.346613 0.267464 -0.0162108
0.347781 0.267568 -0.0162641
0.348951 0.267671 -0.0163175
0.350123 0.267775 -0.016371
0.351296 0.267879 -0.0164246
0.352472 0.267984 -0.0164783
0.35365 0.268088 -0.016532
0.35483 0.268192 -0.0165859
0.356011 0.268297 -0.0166398
0.357195 0.268401 -0.0166938
0.35838 0.268506 -0.0167478
0.359568 0.268611 -0.016802
0.360757 0.268716 -0.0168562
0.361949 0.268821 -0.0169105
0.363142 0.268926 -0.0169649
0.364337 0.269031 -0.0170194
0.365535 0.269136 -0.0170739
0.366734 0.269242 -0.0171286
0.367935 0.269347 -0.0171833
0.369138 0.269453 -0.0172381
0.370344 0.269559 -0.017293
0.371551 0.269665 -0.0173479
0.37276 0.26977 -0.017403
0.373971 0.269877 -0.0174581
0.375184 0.269983 -0.0175133
0.376399 0.270089 -0.0175686
0.377616 0.270195 -0.0176239
0.378835 0.270302 -0.0176794
0.380056 0.270408 -0.0177349
0.381278 0.270515 -0.0177905
0.382503 0.270622 -0.0178462
0.38373 0.270729 -0.017902
0.384959 0.270836 -0.0179578
0.386189 0.270943 -0.0180137
0.387422 0.27105 -0.0180697
0.388657 0.271157 -0.0181258
0.389893 0.271265 -0.018182
0.391132 0.271372 -0.0182382
0.392372 0.27148 -0.0182945
0.393615 0.271587 -0.0183509
0.394859 0.271695 -0.0184074
0.396106 0.271803 -0.018464
0.397354 0.271911 -0.0185206
0.398605 0.272019 -0.0185774
0.399857 0.272127 -0.0186342
0.401111 0.272236 -0.018691
0.402367 0.272344 -0.018748
0.403626 0.272453 -0.018805
0.404886 0.272561 -0.0188622
0.406148 0.27267 -0.0189194
0.407412 0.272779 -0.0189766
0.408678 0.272888 -0.019034
0.409946 0.272997 -0.0190914
0.411216 0.273106 -0.019149
0.412488 0.273215 -0.0192065
0.413762 0.273324 -0.0192642
0.415038 0.273433 -0.019322
0.416316 0.273543 -0.0193798
0.417595 0.273653 -0.0194377
0.418877 0.273762 -0.0194957
0.420161 0.273872 -0.0195538
0.421447 0.273982 -0.0196119
0.422734 0.274092 -0.0196702
0.424024 0.274202 -0.0197285
0.425315 0.274312 -0.0197869
0.426609 0.274422 -0.0198453
0.427905 0.274532 -0.0199039
0.429202 0.274643 -0.0199625
0.430501 0.274753 -0.0200212
0.431803 0.274864 -0.02008
0.433106 0.274975 -0.0201388
0.434412 0.275085 -0.0201978
0.435719 0.275196 -0.0202568
0.437028 0.275307 -0.0203159
0.438339 0.275418 -0.020375
0.439653 0.27553 -0.0204343
0.440968 0.275641 -0.0204936
0.442285 0.275752 -0.020553
0.443604 0.275864 -0.0206125
0.444925 0.275975 -0.0206721
0.446248 0.276087 -0.0207317
0.447573 0.276198 -0.0207914
0.4489 0.27631 -0.0208512
0.450229 0.276422 -0.0209111
0.45156 0.276534 -0.020971
0.452893 0.276646 -0.0210311
0.454227 0.276758 -0.0210912
0.455564 0.27687 -0.0211514
0.456903 0.276983 -0.0212116
0.458244 0.277095 -0.021272
0.459586 0.277208 -0.0213324
0.460931 0.27732 -0.0213929
0.462277 0.277433 -0.0214535
0.463626 0.277546 -0.0215141
0.464977 0.277659 -0.0215748
0.466329 0.277772 -0.0216357
0.467683 0.277885 -0.0216965
0.46904 0.277998 -0.0217575
0.470398 0.278111 -0.0218185
0.471759 0.278224 -0.0218797
0.473121 0.278338 -0.0219409
0.474485 0.278451 -0.0220021
0.475851 0.278565 -0.0220635
0.47722 0.278678 -0.0221249
0.47859 0.278792 -0.0221864
0.479962 0.278906 -0.022248
0.481336 0.27902 -0.0223096
0.482712 0.279134 -0.0223714
0.48409 0.279248 -0.0224332
0.48547 0.279362 -0.0224951
0.486852 0.279476 -0.022557
0.488236 0.27959 -0.0226191
0.489622 0.279705 -0.0226812
0.49101 0.279819 -0.0227434
0.492399 0.279934 -0.0228056
0.493791 0.280049 -0.022868
0.495185 0.280163 -0.0229304
0.496581 0.280278 -0.0229929
0.497978 0.280393 -0.0230555
0.499378 0.280508 -0.0231181
0.500779 0.280623 -0.0231809
0.502183 0.280738 -0.0232437
0.503588 0.280853 -0.0233066
0.504996 0.280969 -0.0233695
0.506405 0.281084 -0.0234326
0.507817 0.2812 -0.0234957
0.50923 0.281315 -0.0235588
0.510645 0.281431 -0.0236221
0.512063 0.281546 -0.0236854
0.513482 0.281662 -0.0237489
0.514903 0.281778 -0.0238124
0.516326 0.281894 -0.0238759
0.517752 0.28201 -0.0239396
0.519179 0.282126 -0.0240033
0.520608 0.282242 -0.0240671
0.522039 0.282359 -0.0241309
0.523472 0.282475 -0.0241949
0.524907 0.282591 -0.0242589
0.526344 0.282708 -0.024323
0.527783 0.282824 -0.0243872
0.529223 0.282941 -0.0244514
0.530666 0.283058 -0.0245157
0.532111 0.283175 -0.0245801
0.533558 0.283291 -0.0246446
0.535007 0.283408 -0.0247092
0.536457 0.283525 -0.0247738
0.53791 0.283643 -0.0248385
0.539365 0.28376 -0.0249033
0.540821 0.283877 -0.0249681
0.54228 0.283994 -0.025033
0.54374 0.284112 -0.025098
0.545203 0.284229 -0.0251631
0.546667 0.284347 -0.0252282
0.548133 0.284464 -0.0252935
0.549602 0.284582 -0.0253588
0.551072 0.2847 -0.0254241
0.552544 0.284818 -0.0254896
0.554019 0.284936 -0.0255551
0.555495 0.285054 -0.0256207
0.556973 0.285172 -0.0256864
0.558453 0.28529 -0.0257521
0.559935 0.285408 -0.0258179
0.561419 0.285526 -0.0258838
0.562905 0.285645 -0.0259498
0.564393 0.285763 -0.0260158
0.565883 0.285882 -0.026082
0.567375 0.286 -0.0261482
0.568869 0.286119 -0.0262144
0.570365 0.286238 -0.0262808
0.571863 0.286356 -0.0263472
0.573363 0.286475 -0.0264137
0.574865 0.286594 -0.0264802
0.576368 0.286713 -0.0265469
0.577874 0.286832 -0.0266136
0.579382 0.286951 -0.0266804
0.580891 0.287071 -0.0267472
0.582403 0.28719 -0.0268142
0.583916 0.287309 -0.0268812
0.585432 0.287429 -0.0269482
0.586949 0.287548 -0.0270154
0.588469 0.287668 -0.0270826
0.58999 0.287787 -0.0271499
0.591513 0.287907 -0.0272173
0.593039 0.288027 -0.0272847
0.594566 0.288147 -0.0273523
0.596095 0.288267 -0.0274199
0.597626 0.288387 -0.0274875
0.59916 0.288507 -0.0275553
0.600695 0.288627 -0.0276231
0.602232 0.288747 -0.027691
0.603771 0.288867 -0.0277589
0.605312 0.288987 -0.027827
0.606855 0.289108 -0.0278951
0.6084 0.289228 -0.0279632
0.609947 0.289349 -0.0280315
0.611496 0.289469 -0.0280998
0.613047 0.28959 -0.0281682
0.614599 0.289711 -0.0282367
0.616154 0.289831 -0.0283052
0.617711 0.289952 -0.0283738
0.61927 0.290073 -0.0284425
0.62083 0.290194 -0.0285113
0.622393 0.290315 -0.0285801
0.623958 0.290436 -0.028649
0.625524 0.290557 -0.028718
0.627093 0.290679 -0.0287871
0.628663 0.2908 -0.0288562
0.630236 0.290921 -0.0289254
0.63181 0.291043 -0.0289947
0.633387 0.291164 -0.029064
0.634965 0.291286 -0.0291334
0.636545 0.291407 -0.0292029
0.638127 0.291529 -0.0292725
0.639712 0.291651 -0.0293421
0.641298 0.291772 -0.0294118
0.642886 0.291894 -0.0294816
0.644476 0.292016 -0.0295514
0.646068 0.292138 -0.0296213
0.647662 0.29226 -0.0296913
0.649258 0.292382 -0.0297614
0.650856 0.292504 -0.0298315
0.652456 0.292626 -0.0299017
0.654058 0.292749 -0.029972
0.655662 0.292871 -0.0300423
0.657268 0.292993 -0.0301127
0.658876 0.293116 -0.0301832
0.660486 0.293238 -0.0302538
0.662097 0.293361 -0.0303244
0.663711 0.293484 -0.0303951
0.665327 0.293606 -0.0304659
0.666944 0.293729 -0.0305367
0.668564 0.293852 -0.0306077
0.670186 0.293975 -0.0306787
0.671809 0.294098 -0.0307497
0.673435 0.294221 -0.0308208
0.675062 0.294344 -0.030892
0.676692 0.294467 -0.0309633
0.678323 0.29459 -0.0310347
0.679956 0.294713 -0.0311061
0.681592 0.294836 -0.0311776
0.683229 0.29496 -0.0312491
0.684868 0.295083 -0.0313207
0.686509 0.295206 -0.0313924
0.688152 0.29533 -0.0314642
0.689798 0.295453 -0.031536
0.691445 0.295577 -0.031608
0.693094 0.295701 -0.0316799
0.694745 0.295824 -0.031752
0.696398 0.295948 -0.0318241
0.698053 0.296072 -0.0318963
0.69971 0.296196 -0.0319686
0.701369 0.29632 -0.0320409
0.703029 0.296444 -0.0321133
0.704692 0.296568 -0.0321858
0.706357 0.296692 -0.0322583
0.708024 0.296816 -0.0323309
0.709692 0.29694 -0.0324036
0.711363 0.297064 -0.0324763
0.713036 0.297189 -0.0325492
0.71471 0.297313 -0.0326221
0.716387 0.297437 -0.032695
0.718065 0.297562 -0.032768
0.719746 0.297686 -0.0328411
0.721428 0.297811 -0.0329143
0.723113 0.297935 -0.0329876
0.724799 0.29806 -0.0330609
0.726487 0.298185 -0.0331342
0.728178 0.29831 -0.0332077
0.72987 0.298434 -0.0332812
0.731564 0.298559 -0.0333548
0.73326 0.298684 -0.0334284
0.734959 0.298809 -0.0335022
0.736659 0.298934 -0.033576
0.738361 0.299059 -0.0336498
0.740065 0.299184 -0.0337238
0.741771 0.29931 -0.0337978
0.743479 0.299435 -0.0338718
0.745189 0.29956 -0.033946
0.746901 0.299685 -0.0340202
0.748615 0.299811 -0.0340945
0.750331 0.299936 -0.0341688
0.752048 0.300062 -0.0342432
0.753768 0.300187 -0.0343177
0.75549 0.300313 -0.0343922
0.757214 0.300438 -0.0344669
0.758939 0.300564 -0.0345416
0.760667 0.30069 -0.0346163
0.762396 0.300815 -0.0346911
0.764128 0.300941 -0.034766
0.765862 0.301067 -0.034841
0.767597 0.301193 -0.034916
0.769334 0.301319 -0.0349911
0.771074 0.301445 -0.0350663
0.772815 0.301571 -0.0351415
0.774559 0.301697 -0.0352168
0.776304 0.301823 -0.0352922
0.778051 0.301949 -0.0353676
0.7798 0.302076 -0.0354431
0.781552 0.302202 -0.0355187
0.783305 0.302328 -0.0355944
0.78506 0.302455 -0.0356701
0.786817 0.302581 -0.0357458
0.788576 0.302707 -0.0358217
0.790337 0.302834 -0.0358976
0.7921 0.30296 -0.0359736
0.793865 0.303087 -0.0360496
0.795632 0.303214 -0.0361258
0.797401 0.30334 -0.0362019
0.799172 0.303467 -0.0362782
0.800944 0.303594 -0.0363545
0.802719 0.303721 -0.0364309
0.804496 0.303847 -0.0365073
0.806275 0.303974 -0.0365839
0.808055 0.304101 -0.0366604
0.809838 0.304228 -0.0367371
0.811622 0.304355 -0.0368138
0.813409 0.304482 -0.0368906
0.815198 0.304609 -0.0369675
0.816988 0.304737 -0.0370444
0.81878 0.304864 -0.0371214
0.820575 0.304991 -0.0371984
0.822371 0.305118 -0.0372756
0.82417 0.305246 -0.0373527
0.82597 0.305373 -0.03743
0.827772 0.3055 -0.0375073
0.829576 0.305628 -0.0375847
0.831383 0.305755 -0.0376622
0.833191 0.305883 -0.0377397
0.835001 0.30601 -0.0378173
0.836813 0.306138 -0.0378949
0.838627 0.306266 -0.0379726
0.840443 0.306393 -0.0380504
0.842261 0.306521 -0.0381283
0.844081 0.306649 -0.0382062
0.845903 0.306776 -0.0382842
0.847727 0.306904 -0.0383622
0.849552 0.307032 -0.0384404
0.85138 0.30716 -0.0385185
0.85321 0.307288 -0.0385968
0.855042 0.307416 -0.0386751
0.856875 0.307544 -0.0387535
0.858711 0.307672 -0.0388319
0.860549 0.3078 -0.0389104
0.862388 0.307928 -0.038989
0.86423 0.308057 -0.0390677
0.866073 0.308185 -0.0391464
0.867919 0.308313 -0.0392251
0.869766 0.308441 -0.039304
0.871616 0.30857 -0.0393829
0.873467 0.308698 -0.0394619
0.87532 0.308826 -0.0395409
0.877176 0.308955 -0.03962
0.879033 0.309083 -0.0396992
0.880892 0.309212 -0.0397784
0.882753 0.30934 -0.0398577
0.884617 0.309469 -0.039937
0.886482 0.309598 -0.0400165
0.888349 0.309726 -0.040096
0.890218 0.309855 -0.0401755
0.892089 0.309984 -0.0402551
0.893962 0.310112 -0.0403348
0.895837 0.310241 -0.0404146
0.897714 0.31037 -0.0404944
0.899592 0.310499 -0.0405743
0.901473 0.310628 -0.0406542
0.903356 0.310757 -0.0407342
0.905241 0.310886 -0.0408143
0.907128 0.311015 -0.0408944
0.909016 0.311144 -0.0409746
0.910907 0.311273 -0.0410549
0.912799 0.311402 -0.0411352
0.914694 0.311531 -0.0412156
0.916591 0.31166 -0.0412961
0.918489 0.311789 -0.0413766
0.92039 0.311919 -0.0414572
0.922292 0.312048 -0.0415378
0.924196 0.312177 -0.0416185
0.926103 0.312306 -0.0416993
0.928011 0.312436 -0.0417802
0.929921 0.312565 -0.0418611
0.931834 0.312695 -0.041942
0.933748 0.312824 -0.0420231
0.935664 0.312954 -0.0421042
0.937582 0.313083 -0.0421853
0.939502 0.313213 -0.0422665
0.941424 0.313342 -0.0423478
0.943348 0.313472 -0.0424292
0.945274 0.313602 -0.0425106
0.947202 0.313731 -0.0425921
0.949132 0.313861 -0.0426736
0.951064 0.313991 -0.0427552
0.952998 0.31412 -0.0428369
0.954934 0.31425 -0.0429186
0.956872 0.31438 -0.0430004
0.958811 0.31451 -0.0430823
0.960753 0.31464 -0.0431642
0.962697 0.31477 -0.0432462
0.964643 0.3149 -0.0433282
0.96659 0.31503 -0.0434103
0.96854 0.31516 -0.0434925
0.970491 0.31529 -0.0435747
0.972445 0.31542 -0.043657
0.9744 0.31555 -0.0437394
0.976358 0.31568 -0.0438218
0.978317 0.31581 -0.0439043
0.980278 0.31594 -0.0439868
0.982242 0.31607 -0.0440694
0.984207 0.316201 -0.0441521
0.986174 0.316331 -0.0442348
0.988143 0.316461 -0.0443176
0.990115 0.316591 -0.0444005
0.992088 0.316722 -0.0444834
0.994063 0.316852 -0.0445664
0.99604 0.316982 -0.0446494
0.998019 0.317113 -0.0447325
1 0.317243 -0.0448157
