0.01 5.0778 -3.28147e-09
0.02 4.14783 -4.83153e-06
0.03 3.59425 -0.000136611
0.04 3.21729 -0.000830319
0.05 2.93938 -0.00239553
0.06 2.7231 -0.00460266
0.07 2.54811 -0.00696911
0.08 2.4025 -0.00911479
0.09 2.27879 -0.0108599
0.1 2.17198 -0.0121736
0.11 2.07859 -0.0131008
0.12 1.99606 -0.0137117
0.13 1.92247 -0.0140765
0.14 1.85635 -0.0142557
0.15 1.79652 -0.0142975
0.16 1.74207 -0.0142393
0.17 1.69224 -0.0141092
0.18 1.64642 -0.0139283
0.19 1.6041 -0.0137122
0.2 1.56487 -0.0134727
0.21 1.52837 -0.0132182
0.22 1.49429 -0.0129552
0.23 1.46239 -0.0126883
0.24 1.43244 -0.0124208
0.25 1.40425 -0.0121553
0.26 1.37766 -0.0118936
0.27 1.35252 -0.011637
0.28 1.3287 -0.0113862
0.29 1.3061 -0.0111419
0.3 1.28461 -0.0109045
0.31 1.26414 -0.0106741
0.32 1.24462 -0.0104508
0.33 1.22598 -0.0102346
0.34 1.20815 -0.0100254
0.35 1.19107 -0.00982307
0.36 1.1747 -0.00962746
0.37 1.15898 -0.00943836
0.38 1.14388 -0.00925557
0.39 1.12935 -0.00907887
0.4 1.11536 -0.00890805
0.41 1.10188 -0.00874288
0.42 1.08888 -0.00858315
0.43 1.07632 -0.00842864
0.44 1.06419 -0.00827914
0.45 1.05246 -0.00813445
0.46 1.04111 -0.00799438
0.47 1.03012 -0.00785873
0.48 1.01947 -0.00772731
0.49 1.00914 -0.00759997
0.5 0.999118 -0.00747652
0.51 0.989391 -0.00735681
0.52 0.979942 -0.00724068
0.53 0.970758 -0.00712799
0.54 0.961828 -0.0070186
0.55 0.95314 -0.00691238
0.56 0.944683 -0.00680919
0.57 0.936447 -0.00670892
0.58 0.928423 -0.00661146
0.59 0.920601 -0.0065167
0.6 0.912974 -0.00642452
0.61 0.905533 -0.00633482
0.62 0.898271 -0.00624752
0.63 0.891181 -0.00616253
0.64 0.884256 -0.00607975
0.65 0.87749 -0.00599911
0.66 0.870877 -0.00592052
0.67 0.864412 -0.00584391
0.68 0.858088 -0.00576922
0.69 0.851901 -0.00569637
0.7 0.845846 -0.00562529
0.71 0.839918 -0.00555593
0.72 0.834113 -0.00548822
0.73 0.828427 -0.00542211
0.74 0.822855 -0.00535754
0.75 0.817394 -0.00529447
0.76 0.812041 -0.00523283
0.77 0.806791 -0.00517259
0.78 0.801642 -0.0051137
0.79 0.79659 -0.00505611
0.8 0.791633 -0.00499979
0.81 0.786767 -0.00494468
0.82 0.781989 -0.00489076
0.83 0.777298 -0.00483799
0.84 0.77269 -0.00478633
0.85 0.768163 -0.00473574
0.86 0.763714 -0.0046862
0.87 0.759342 -0.00463767
0.88 0.755044 -0.00459012
0.89 0.750819 -0.00454353
0.9 0.746663 -0.00449786
0.91 0.742576 -0.00445309
0.92 0.738555 -0.0044092
0.93 0.734598 -0.00436615
0.94 0.730705 -0.00432392
0.95 0.726873 -0.00428249
0.96 0.7231 -0.00424185
0.97 0.719386 -0.00420196
0.98 0.715728 -0.0041628
0.99 0.712126 -0.00412436
1 0.708577 -0.00408662
1.01 0.705081 -0.00404956
1.02 0.701636 -0.00401316
1.03 0.698241 -0.0039774
1.04 0.694895 -0.00394226
1.05 0.691597 -0.00390774
1.06 0.688345 -0.00387381
1.07 0.685138 -0.00384046
1.08 0.681976 -0.00380768
1.09 0.678858 -0.00377544
1.1 0.675781 -0.00374375
1.11 0.672747 -0.00371258
1.12 0.669752 -0.00368191
1.13 0.666797 -0.00365175
1.14 0.663882 -0.00362208
1.15 0.661003 -0.00359288
1.16 0.658163 -0.00356414
1.17 0.655358 -0.00353586
1.18 0.652589 -0.00350802
1.19 0.649855 -0.00348061
1.2 0.647154 -0.00345362
1.21 0.644488 -0.00342705
1.22 0.641854 -0.00340088
1.23 0.639251 -0.00337511
1.24 0.636681 -0.00334972
1.25 0.634141 -0.0033247
1.26 0.631631 -0.00330006
1.27 0.629151 -0.00327578
1.28 0.6267 -0.00325185
1.29 0.624277 -0.00322826
1.3 0.621882 -0.00320502
1.31 0.619514 -0.0031821
1.32 0.617174 -0.00315951
1.33 0.614859 -0.00313723
1.34 0.612571 -0.00311527
1.35 0.610308 -0.00309361
1.36 0.608069 -0.00307224
1.37 0.605856 -0.00305117
1.38 0.603666 -0.00303039
1.39 0.601499 -0.00300988
1.4 0.599356 -0.00298965
1.41 0.597236 -0.00296969
1.42 0.595138 -0.00294999
1.43 0.593062 -0.00293055
1.44 0.591007 -0.00291137
1.45 0.588974 -0.00289243
1.46 0.586962 -0.00287373
1.47 0.58497 -0.00285528
1.48 0.582998 -0.00283706
1.49 0.581046 -0.00281907
1.5 0.579113 -0.00280131
1.51 0.5772 -0.00278376
1.52 0.575305 -0.00276644
1.53 0.573429 -0.00274933
1.54 0.571572 -0.00273243
1.55 0.569732 -0.00271573
1.56 0.56791 -0.00269924
1.57 0.566105 -0.00268294
1.58 0.564317 -0.00266684
1.59 0.562546 -0.00265094
1.6 0.560792 -0.00263521
1.61 0.559054 -0.00261968
1.62 0.557332 -0.00260432
1.63 0.555626 -0.00258915
1.64 0.553935 -0.00257415
1.65 0.55226 -0.00255932
1.66 0.5506 -0.00254466
1.67 0.548955 -0.00253017
1.68 0.547324 -0.00251584
1.69 0.545708 -0.00250167
1.7 0.544106 -0.00248766
1.71 0.542518 -0.00247381
1.72 0.540944 -0.00246011
1.73 0.539384 -0.00244656
1.74 0.537837 -0.00243316
1.75 0.536303 -0.0024199
1.76 0.534782 -0.00240679
1.77 0.533275 -0.00239382
1.78 0.531779 -0.00238098
1.79 0.530297 -0.00236828
1.8 0.528826 -0.00235572
1.81 0.527368 -0.00234329
1.82 0.525922 -0.00233099
1.83 0.524488 -0.00231882
1.84 0.523065 -0.00230677
1.85 0.521654 -0.00229485
1.86 0.520254 -0.00228305
1.87 0.518865 -0.00227137
1.88 0.517488 -0.00225981
1.89 0.516121 -0.00224837
1.9 0.514765 -0.00223704
1.91 0.51342 -0.00222583
1.92 0.512085 -0.00221472
1.93 0.510761 -0.00220373
1.94 0.509447 -0.00219285
1.95 0.508143 -0.00218207
1.96 0.506849 -0.00217139
1.97 0.505564 -0.00216083
1.98 0.50429 -0.00215036
1.99 0.503025 -0.00213999
2 0.501769 -0.00212972
2.01 0.500523 -0.00211956
2.02 0.499286 -0.00210948
2.03 0.498059 -0.0020995
2.04 0.49684 -0.00208962
2.05 0.49563 -0.00207983
2.06 0.494429 -0.00207013
2.07 0.493237 -0.00206052
2.08 0.492053 -0.002051
2.09 0.490878 -0.00204156
2.1 0.489711 -0.00203222
2.11 0.488552 -0.00202295
2.12 0.487402 -0.00201377
2.13 0.486259 -0.00200468
2.14 0.485125 -0.00199566
2.15 0.483998 -0.00198673
2.16 0.48288 -0.00197787
2.17 0.481769 -0.0019691
2.18 0.480665 -0.0019604
2.19 0.47957 -0.00195178
2.2 0.478481 -0.00194323
2.21 0.4774 -0.00193476
2.22 0.476327 -0.00192636
2.23 0.47526 -0.00191803
2.24 0.474201 -0.00190978
2.25 0.473149 -0.00190159
2.26 0.472104 -0.00189348
2.27 0.471065 -0.00188543
2.28 0.470034 -0.00187746
2.29 0.469009 -0.00186954
2.3 0.467991 -0.0018617
2.31 0.466979 -0.00185392
2.32 0.465974 -0.00184621
2.33 0.464976 -0.00183856
2.34 0.463984 -0.00183097
2.35 0.462998 -0.00182344
2.36 0.462018 -0.00181598
2.37 0.461045 -0.00180858
2.38 0.460078 -0.00180124
2.39 0.459116 -0.00179395
2.4 0.458161 -0.00178673
2.41 0.457212 -0.00177956
2.42 0.456269 -0.00177245
2.43 0.455331 -0.0017654
2.44 0.454399 -0.0017584
2.45 0.453473 -0.00175146
2.46 0.452553 -0.00174457
2.47 0.451638 -0.00173774
2.48 0.450729 -0.00173096
2.49 0.449825 -0.00172423
2.5 0.448926 -0.00171755
2.51 0.448033 -0.00171093
2.52 0.447145 -0.00170436
2.53 0.446263 -0.00169783
2.54 0.445385 -0.00169136
2.55 0.444513 -0.00168493
2.56 0.443646 -0.00167856
2.57 0.442784 -0.00167223
2.58 0.441927 -0.00166595
2.59 0.441075 -0.00165972
2.6 0.440228 -0.00165353
2.61 0.439386 -0.00164739
2.62 0.438548 -0.00164129
2.63 0.437715 -0.00163524
2.64 0.436888 -0.00162923
2.65 0.436064 -0.00162327
2.66 0.435246 -0.00161735
2.67 0.434431 -0.00161148
2.68 0.433622 -0.00160564
2.69 0.432817 -0.00159985
2.7 0.432016 -0.0015941
2.71 0.43122 -0.00158839
2.72 0.430429 -0.00158273
2.73 0.429641 -0.0015771
2.74 0.428858 -0.00157151
2.75 0.428079 -0.00156596
2.76 0.427305 -0.00156045
2.77 0.426534 -0.00155498
2.78 0.425768 -0.00154955
2.79 0.425006 -0.00154415
2.8 0.424248 -0.00153879
2.81 0.423494 -0.00153347
2.82 0.422744 -0.00152819
2.83 0.421998 -0.00152294
2.84 0.421256 -0.00151773
2.85 0.420518 -0.00151255
2.86 0.419783 -0.00150741
2.87 0.419053 -0.00150231
2.88 0.418326 -0.00149723
2.89 0.417603 -0.0014922
2.9 0.416884 -0.00148719
2.91 0.416169 -0.00148222
2.92 0.415457 -0.00147728
2.93 0.414749 -0.00147238
2.94 0.414044 -0.00146751
2.95 0.413343 -0.00146267
2.96 0.412646 -0.00145786
2.97 0.411952 -0.00145308
2.98 0.411261 -0.00144834
2.99 0.410574 -0.00144362
3 0.409891 -0.00143894
3.01 0.409211 -0.00143428
3.02 0.408534 -0.00142966
3.03 0.40786 -0.00142506
3.04 0.40719 -0.0014205
3.05 0.406523 -0.00141596
3.06 0.40586 -0.00141146
3.07 0.4052 -0.00140698
3.08 0.404542 -0.00140253
3.09 0.403889 -0.00139811
3.1 0.403238 -0.00139371
3.11 0.40259 -0.00138935
3.12 0.401946 -0.00138501
3.13 0.401304 -0.00138069
3.14 0.400666 -0.00137641
3.15 0.400031 -0.00137215
3.16 0.399398 -0.00136792
3.17 0.398769 -0.00136371
3.18 0.398143 -0.00135953
3.19 0.397519 -0.00135537
3.2 0.396899 -0.00135124
3.21 0.396281 -0.00134714
3.22 0.395666 -0.00134306
3.23 0.395055 -0.001339
3.24 0.394446 -0.00133497
3.25 0.393839 -0.00133096
3.26 0.393236 -0.00132698
3.27 0.392635 -0.00132302
3.28 0.392037 -0.00131908
3.29 0.391442 -0.00131517
3.3 0.39085 -0.00131128
3.31 0.39026 -0.00130741
3.32 0.389673 -0.00130357
3.33 0.389088 -0.00129975
3.34 0.388506 -0.00129595
3.35 0.387927 -0.00129217
3.36 0.38735 -0.00128842
3.37 0.386776 -0.00128469
3.38 0.386204 -0.00128097
3.39 0.385635 -0.00127728
3.4 0.385069 -0.00127361
3.41 0.384505 -0.00126997
3.42 0.383943 -0.00126634
3.43 0.383384 -0.00126273
3.44 0.382827 -0.00125915
3.45 0.382273 -0.00125558
3.46 0.381721 -0.00125204
3.47 0.381172 -0.00124851
3.48 0.380624 -0.001245
3.49 0.38008 -0.00124152
3.5 0.379537 -0.00123805
3.51 0.378997 -0.0012346
3.52 0.378459 -0.00123117
3.53 0.377924 -0.00122777
3.54 0.37739 -0.00122437
3.55 0.376859 -0.001221
3.56 0.37633 -0.00121765
3.57 0.375804 -0.00121431
3.58 0.37528 -0.001211
3.59 0.374757 -0.0012077
3.6 0.374237 -0.00120442
3.61 0.373719 -0.00120115
3.62 0.373204 -0.00119791
3.63 0.37269 -0.00119468
3.64 0.372179 -0.00119147
3.65 0.371669 -0.00118828
3.66 0.371162 -0.0011851
3.67 0.370657 -0.00118194
3.68 0.370154 -0.0011788
3.69 0.369652 -0.00117567
3.7 0.369153 -0.00117256
3.71 0.368656 -0.00116947
3.72 0.368161 -0.00116639
3.73 0.367668 -0.00116333
3.74 0.367177 -0.00116029
3.75 0.366688 -0.00115726
3.76 0.366201 -0.00115425
3.77 0.365715 -0.00115125
3.78 0.365232 -0.00114827
3.79 0.364751 -0.0011453
3.8 0.364271 -0.00114235
3.81 0.363794 -0.00113941
3.82 0.363318 -0.00113649
3.83 0.362844 -0.00113359
3.84 0.362372 -0.00113069
3.85 0.361902 -0.00112782
3.86 0.361433 -0.00112496
3.87 0.360967 -0.00112211
3.88 0.360502 -0.00111928
3.89 0.360039 -0.00111646
3.9 0.359578 -0.00111365
3.91 0.359118 -0.00111086
3.92 0.358661 -0.00110808
3.93 0.358205 -0.00110532
3.94 0.35775 -0.00110257
3.95 0.357298 -0.00109984
3.96 0.356847 -0.00109712
3.97 0.356398 -0.00109441
3.98 0.355951 -0.00109171
3.99 0.355505 -0.00108903
4 0.355061 -0.00108636
4.01 0.354619 -0.00108371
4.02 0.354178 -0.00108106
4.03 0.353739 -0.00107843
4.04 0.353302 -0.00107582
4.05 0.352866 -0.00107321
4.06 0.352432 -0.00107062
4.07 0.351999 -0.00106804
4.08 0.351568 -0.00106547
4.09 0.351138 -0.00106292
4.1 0.350711 -0.00106037
4.11 0.350284 -0.00105784
4.12 0.349859 -0.00105533
4.13 0.349436 -0.00105282
4.14 0.349015 -0.00105033
4.15 0.348594 -0.00104784
4.16 0.348176 -0.00104537
4.17 0.347759 -0.00104291
4.18 0.347343 -0.00104046
4.19 0.346929 -0.00103803
4.2 0.346516 -0.0010356
4.21 0.346105 -0.00103319
4.22 0.345695 -0.00103079
4.23 0.345287 -0.00102839
4.24 0.34488 -0.00102601
4.25 0.344474 -0.00102365
4.26 0.34407 -0.00102129
4.27 0.343668 -0.00101894
4.28 0.343267 -0.0010166
4.29 0.342867 -0.00101428
4.3 0.342469 -0.00101196
4.31 0.342072 -0.00100966
4.32 0.341676 -0.00100736
4.33 0.341282 -0.00100508
4.34 0.340889 -0.0010028
4.35 0.340497 -0.00100054
4.36 0.340107 -0.000998287
4.37 0.339718 -0.000996044
4.38 0.339331 -0.000993811
4.39 0.338945 -0.000991587
4.4 0.33856 -0.000989374
4.41 0.338176 -0.000987171
4.42 0.337794 -0.000984977
4.43 0.337413 -0.000982793
4.44 0.337033 -0.000980619
4.45 0.336655 -0.000978455
4.46 0.336278 -0.0009763
4.47 0.335902 -0.000974154
4.48 0.335527 -0.000972018
4.49 0.335154 -0.000969891
4.5 0.334782 -0.000967773
4.51 0.334411 -0.000965665
4.52 0.334041 -0.000963566
4.53 0.333673 -0.000961476
4.54 0.333305 -0.000959395
4.55 0.332939 -0.000957323
4.56 0.332575 -0.00095526
4.57 0.332211 -0.000953205
4.58 0.331849 -0.00095116
4.59 0.331487 -0.000949123
4.6 0.331127 -0.000947095
4.61 0.330768 -0.000945076
4.62 0.330411 -0.000943065
4.63 0.330054 -0.000941063
4.64 0.329699 -0.000939069
4.65 0.329344 -0.000937084
4.66 0.328991 -0.000935107
4.67 0.328639 -0.000933138
4.68 0.328289 -0.000931178
4.69 0.327939 -0.000929226
4.7 0.32759 -0.000927282
4.71 0.327243 -0.000925346
4.72 0.326896 -0.000923418
4.73 0.326551 -0.000921499
4.74 0.326207 -0.000919587
4.75 0.325864 -0.000917683
4.76 0.325521 -0.000915787
4.77 0.32518 -0.000913899
4.78 0.324841 -0.000912018
4.79 0.324502 -0.000910146
4.8 0.324164 -0.000908281
4.81 0.323827 -0.000906423
4.82 0.323491 -0.000904573
4.83 0.323157 -0.000902731
4.84 0.322823 -0.000900896
4.85 0.322491 -0.000899069
4.86 0.322159 -0.000897249
4.87 0.321829 -0.000895436
4.88 0.321499 -0.000893631
4.89 0.321171 -0.000891833
4.9 0.320843 -0.000890042
4.91 0.320516 -0.000888258
4.92 0.320191 -0.000886482
4.93 0.319866 -0.000884712
4.94 0.319543 -0.00088295
4.95 0.31922 -0.000881195
4.96 0.318899 -0.000879446
4.97 0.318578 -0.000877705
4.98 0.318259 -0.00087597
4.99 0.31794 -0.000874242
5 0.317622 -0.000872521
5.01 0.317305 -0.000870807
5.02 0.316989 -0.0008691
5.03 0.316675 -0.000867399
5.04 0.316361 -0.000865705
5.05 0.316048 -0.000864017
5.06 0.315736 -0.000862336
5.07 0.315424 -0.000860662
5.08 0.315114 -0.000858994
5.09 0.314805 -0.000857332
5.1 0.314496 -0.000855677
5.11 0.314189 -0.000854028
5.12 0.313882 -0.000852386
5.13 0.313576 -0.00085075
5.14 0.313272 -0.00084912
5.15 0.312968 -0.000847496
5.16 0.312665 -0.000845879
5.17 0.312362 -0.000844268
5.18 0.312061 -0.000842662
5.19 0.311761 -0.000841063
5.2 0.311461 -0.00083947
5.21 0.311162 -0.000837883
5.22 0.310864 -0.000836302
5.23 0.310567 -0.000834727
5.24 0.310271 -0.000833158
5.25 0.309976 -0.000831595
5.26 0.309681 -0.000830038
5.27 0.309388 -0.000828486
5.28 0.309095 -0.00082694
5.29 0.308803 -0.0008254
5.3 0.308512 -0.000823866
5.31 0.308222 -0.000822338
5.32 0.307932 -0.000820815
5.33 0.307643 -0.000819297
5.34 0.307356 -0.000817786
5.35 0.307068 -0.00081628
5.36 0.306782 -0.000814779
5.37 0.306497 -0.000813284
5.38 0.306212 -0.000811794
5.39 0.305928 -0.00081031
5.4 0.305645 -0.000808831
5.41 0.305363 -0.000807358
5.42 0.305081 -0.00080589
5.43 0.3048 -0.000804427
5.44 0.30452 -0.00080297
5.45 0.304241 -0.000801518
5.46 0.303963 -0.000800071
5.47 0.303685 -0.000798629
5.48 0.303408 -0.000797193
5.49 0.303132 -0.000795762
5.5 0.302857 -0.000794335
5.51 0.302582 -0.000792914
5.52 0.302308 -0.000791498
5.53 0.302035 -0.000790087
5.54 0.301762 -0.000788681
5.55 0.301491 -0.00078728
5.56 0.30122 -0.000785884
5.57 0.30095 -0.000784493
5.58 0.30068 -0.000783107
5.59 0.300411 -0.000781726
5.6 0.300143 -0.00078035
5.61 0.299876 -0.000778978
5.62 0.299609 -0.000777611
5.63 0.299343 -0.00077625
5.64 0.299078 -0.000774892
5.65 0.298814 -0.00077354
5.66 0.29855 -0.000772192
5.67 0.298287 -0.000770849
5.68 0.298024 -0.000769511
5.69 0.297762 -0.000768177
5.7 0.297501 -0.000766848
5.71 0.297241 -0.000765523
5.72 0.296981 -0.000764203
5.73 0.296722 -0.000762888
5.74 0.296464 -0.000761577
5.75 0.296206 -0.000760271
5.76 0.295949 -0.000758969
5.77 0.295693 -0.000757671
5.78 0.295437 -0.000756378
5.79 0.295182 -0.00075509
5.8 0.294928 -0.000753805
5.81 0.294674 -0.000752525
5.82 0.294421 -0.00075125
5.83 0.294169 -0.000749979
5.84 0.293917 -0.000748712
5.85 0.293666 -0.000747449
5.86 0.293416 -0.00074619
5.87 0.293166 -0.000744936
5.88 0.292917 -0.000743686
5.89 0.292668 -0.00074244
5.9 0.292421 -0.000741199
5.91 0.292173 -0.000739961
5.92 0.291927 -0.000738728
5.93 0.291681 -0.000737499
5.94 0.291435 -0.000736273
5.95 0.291191 -0.000735052
5.96 0.290946 -0.000733835
5.97 0.290703 -0.000732622
5.98 0.29046 -0.000731413
5.99 0.290218 -0.000730208
6 0.289976 -0.000729007
6.01 0.289735 -0.00072781
6.02 0.289494 -0.000726617
6.03 0.289254 -0.000725427
6.04 0.289015 -0.000724242
6.05 0.288776 -0.00072306
6.06 0.288538 -0.000721882
6.07 0.288301 -0.000720709
6.08 0.288064 -0.000719538
6.09 0.287827 -0.000718372
6.1 0.287591 -0.00071721
6.11 0.287356 -0.000716051
6.12 0.287122 -0.000714896
6.13 0.286887 -0.000713745
6.14 0.286654 -0.000712597
6.15 0.286421 -0.000711453
6.16 0.286189 -0.000710313
6.17 0.285957 -0.000709176
6.18 0.285726 -0.000708043
6.19 0.285495 -0.000706914
6.2 0.285265 -0.000705788
6.21 0.285035 -0.000704666
6.22 0.284806 -0.000703547
6.23 0.284578 -0.000702432
6.24 0.28435 -0.000701321
6.25 0.284123 -0.000700212
6.26 0.283896 -0.000699108
6.27 0.28367 -0.000698007
6.28 0.283444 -0.000696909
6.29 0.283219 -0.000695815
6.3 0.282994 -0.000694724
6.31 0.28277 -0.000693637
6.32 0.282546 -0.000692553
6.33 0.282323 -0.000691473
6.34 0.282101 -0.000690395
6.35 0.281879 -0.000689322
6.36 0.281657 -0.000688251
6.37 0.281436 -0.000687184
6.38 0.281216 -0.00068612
6.39 0.280996 -0.00068506
6.4 0.280776 -0.000684002
6.41 0.280557 -0.000682948
6.42 0.280339 -0.000681897
6.43 0.280121 -0.00068085
6.44 0.279904 -0.000679805
6.45 0.279687 -0.000678764
6.46 0.279471 -0.000677726
6.47 0.279255 -0.000676691
6.48 0.279039 -0.00067566
6.49 0.278824 -0.000674631
6.5 0.27861 -0.000673606
6.51 0.278396 -0.000672584
6.52 0.278183 -0.000671564
6.53 0.27797 -0.000670548
6.54 0.277757 -0.000669535
6.55 0.277546 -0.000668525
6.56 0.277334 -0.000667518
6.57 0.277123 -0.000666515
6.58 0.276913 -0.000665514
6.59 0.276703 -0.000664516
6.6 0.276493 -0.000663521
6.61 0.276284 -0.000662529
6.62 0.276076 -0.00066154
6.63 0.275867 -0.000660554
6.64 0.27566 -0.000659571
6.65 0.275453 -0.000658591
6.66 0.275246 -0.000657613
6.67 0.27504 -0.000656639
6.68 0.274834 -0.000655668
6.69 0.274629 -0.000654699
6.7 0.274424 -0.000653733
6.71 0.274219 -0.00065277
6.72 0.274016 -0.00065181
6.73 0.273812 -0.000650853
6.74 0.273609 -0.000649899
6.75 0.273406 -0.000648947
6.76 0.273204 -0.000647998
6.77 0.273003 -0.000647052
6.78 0.272801 -0.000646109
6.79 0.272601 -0.000645168
6.8 0.2724 -0.00064423
6.81 0.2722 -0.000643295
6.82 0.272001 -0.000642363
6.83 0.271802 -0.000641433
6.84 0.271603 -0.000640506
6.85 0.271405 -0.000639582
6.86 0.271207 -0.00063866
6.87 0.27101 -0.000637741
6.88 0.270813 -0.000636824
6.89 0.270617 -0.000635911
6.9 0.270421 -0.000634999
6.91 0.270225 -0.000634091
6.92 0.27003 -0.000633185
6.93 0.269835 -0.000632282
6.94 0.269641 -0.000631381
6.95 0.269447 -0.000630483
6.96 0.269254 -0.000629587
6.97 0.269061 -0.000628694
6.98 0.268868 -0.000627803
6.99 0.268676 -0.000626915
7 0.268484 -0.000626029
7.01 0.268292 -0.000625146
7.02 0.268101 -0.000624266
7.03 0.267911 -0.000623388
7.04 0.267721 -0.000622512
7.05 0.267531 -0.000621639
7.06 0.267342 -0.000620768
7.07 0.267153 -0.0006199
7.08 0.266964 -0.000619034
7.09 0.266776 -0.00061817
7.1 0.266588 -0.000617309
7.11 0.266401 -0.000616451
7.12 0.266214 -0.000615594
7.13 0.266027 -0.00061474
7.14 0.265841 -0.000613889
7.15 0.265655 -0.00061304
7.16 0.26547 -0.000612193
7.17 0.265285 -0.000611348
7.18 0.2651 -0.000610506
7.19 0.264916 -0.000609666
7.2 0.264732 -0.000608829
7.21 0.264548 -0.000607993
7.22 0.264365 -0.00060716
7.23 0.264182 -0.00060633
7.24 0.264 -0.000605501
7.25 0.263818 -0.000604675
7.26 0.263636 -0.000603851
7.27 0.263455 -0.00060303
7.28 0.263274 -0.00060221
7.29 0.263094 -0.000601393
7.3 0.262914 -0.000600578
7.31 0.262734 -0.000599765
7.32 0.262555 -0.000598955
7.33 0.262375 -0.000598146
7.34 0.262197 -0.00059734
7.35 0.262019 -0.000596536
7.36 0.261841 -0.000595734
7.37 0.261663 -0.000594934
7.38 0.261486 -0.000594137
7.39 0.261309 -0.000593341
7.4 0.261133 -0.000592548
7.41 0.260956 -0.000591757
7.42 0.260781 -0.000590967
7.43 0.260605 -0.00059018
7.44 0.26043 -0.000589396
7.45 0.260255 -0.000588613
7.46 0.260081 -0.000587832
7.47 0.259907 -0.000587053
7.48 0.259733 -0.000586277
7.49 0.25956 -0.000585502
7.5 0.259387 -0.00058473
7.51 0.259215 -0.000583959
7.52 0.259042 -0.000583191
7.53 0.25887 -0.000582424
7.54 0.258699 -0.00058166
7.55 0.258528 -0.000580897
7.56 0.258357 -0.000580137
7.57 0.258186 -0.000579378
7.58 0.258016 -0.000578622
7.59 0.257846 -0.000577867
7.6 0.257676 -0.000577115
7.61 0.257507 -0.000576364
7.62 0.257338 -0.000575616
7.63 0.25717 -0.000574869
7.64 0.257001 -0.000574124
7.65 0.256834 -0.000573381
7.66 0.256666 -0.00057264
7.67 0.256499 -0.000571901
7.68 0.256332 -0.000571164
7.69 0.256165 -0.000570429
7.7 0.255999 -0.000569696
7.71 0.255833 -0.000568965
7.72 0.255667 -0.000568235
7.73 0.255502 -0.000567507
7.74 0.255337 -0.000566781
7.75 0.255172 -0.000566058
7.76 0.255008 -0.000565335
7.77 0.254844 -0.000564615
7.78 0.25468 -0.000563897
7.79 0.254517 -0.00056318
7.8 0.254354 -0.000562465
7.81 0.254191 -0.000561752
7.82 0.254029 -0.000561041
7.83 0.253866 -0.000560332
7.84 0.253705 -0.000559624
7.85 0.253543 -0.000558918
7.86 0.253382 -0.000558214
7.87 0.253221 -0.000557512
7.88 0.25306 -0.000556812
7.89 0.2529 -0.000556113
7.9 0.25274 -0.000555416
7.91 0.25258 -0.000554721
7.92 0.252421 -0.000554027
7.93 0.252262 -0.000553335
7.94 0.252103 -0.000552645
7.95 0.251945 -0.000551957
7.96 0.251786 -0.00055127
7.97 0.251628 -0.000550586
7.98 0.251471 -0.000549902
7.99 0.251314 -0.000549221
8 0.251157 -0.000548541
8.01 0.251 -0.000547863
8.02 0.250843 -0.000547186
8.03 0.250687 -0.000546512
8.04 0.250531 -0.000545838
8.05 0.250376 -0.000545167
8.06 0.250221 -0.000544497
8.07 0.250066 -0.000543829
8.08 0.249911 -0.000543162
8.09 0.249757 -0.000542497
8.1 0.249603 -0.000541834
8.11 0.249449 -0.000541173
8.12 0.249295 -0.000540512
8.13 0.249142 -0.000539854
8.14 0.248989 -0.000539197
8.15 0.248836 -0.000538542
8.16 0.248684 -0.000537888
8.17 0.248532 -0.000537236
8.18 0.24838 -0.000536586
8.19 0.248228 -0.000535937
8.2 0.248077 -0.000535289
8.21 0.247926 -0.000534644
8.22 0.247775 -0.000533999
8.23 0.247625 -0.000533357
8.24 0.247475 -0.000532716
8.25 0.247325 -0.000532076
8.26 0.247175 -0.000531438
8.27 0.247026 -0.000530801
8.28 0.246876 -0.000530166
8.29 0.246728 -0.000529533
8.3 0.246579 -0.000528901
8.31 0.246431 -0.00052827
8.32 0.246283 -0.000527641
8.33 0.246135 -0.000527014
8.34 0.245987 -0.000526388
8.35 0.24584 -0.000525763
8.36 0.245693 -0.00052514
8.37 0.245546 -0.000524519
8.38 0.2454 -0.000523899
8.39 0.245254 -0.00052328
8.4 0.245108 -0.000522663
8.41 0.244962 -0.000522047
8.42 0.244817 -0.000521433
8.43 0.244672 -0.00052082
8.44 0.244527 -0.000520209
8.45 0.244382 -0.000519599
8.46 0.244238 -0.00051899
8.47 0.244094 -0.000518383
8.48 0.24395 -0.000517777
8.49 0.243806 -0.000517173
8.5 0.243663 -0.00051657
8.51 0.24352 -0.000515969
8.52 0.243377 -0.000515369
8.53 0.243234 -0.00051477
8.54 0.243092 -0.000514173
8.55 0.24295 -0.000513577
8.56 0.242808 -0.000512983
8.57 0.242666 -0.000512389
8.58 0.242525 -0.000511798
8.59 0.242384 -0.000511207
8.6 0.242243 -0.000510618
8.61 0.242102 -0.000510031
8.62 0.241962 -0.000509444
8.63 0.241822 -0.000508859
8.64 0.241682 -0.000508276
8.65 0.241542 -0.000507693
8.66 0.241403 -0.000507112
8.67 0.241264 -0.000506533
8.68 0.241125 -0.000505954
8.69 0.240986 -0.000505377
8.7 0.240848 -0.000504802
8.71 0.240709 -0.000504227
8.72 0.240572 -0.000503654
8.73 0.240434 -0.000503083
8.74 0.240296 -0.000502512
8.75 0.240159 -0.000501943
8.76 0.240022 -0.000501375
8.77 0.239885 -0.000500808
8.78 0.239749 -0.000500243
8.79 0.239612 -0.000499679
8.8 0.239476 -0.000499116
8.81 0.23934 -0.000498555
8.82 0.239205 -0.000497994
8.83 0.239069 -0.000497435
8.84 0.238934 -0.000496878
8.85 0.238799 -0.000496321
8.86 0.238665 -0.000495766
8.87 0.23853 -0.000495212
8.88 0.238396 -0.000494659
8.89 0.238262 -0.000494108
8.9 0.238128 -0.000493557
8.91 0.237994 -0.000493008
8.92 0.237861 -0.00049246
8.93 0.237728 -0.000491914
8.94 0.237595 -0.000491368
8.95 0.237462 -0.000490824
8.96 0.23733 -0.000490281
8.97 0.237198 -0.000489739
8.98 0.237066 -0.000489199
8.99 0.236934 -0.000488659
9 0.236802 -0.000488121
9.01 0.236671 -0.000487584
9.02 0.23654 -0.000487048
9.03 0.236409 -0.000486513
9.04 0.236278 -0.00048598
9.05 0.236148 -0.000485447
9.06 0.236017 -0.000484916
9.07 0.235887 -0.000484386
9.08 0.235757 -0.000483857
9.09 0.235628 -0.000483329
9.1 0.235498 -0.000482803
9.11 0.235369 -0.000482277
9.12 0.23524 -0.000481753
9.13 0.235111 -0.00048123
9.14 0.234983 -0.000480708
9.15 0.234854 -0.000480187
9.16 0.234726 -0.000479667
9.17 0.234598 -0.000479149
9.18 0.234471 -0.000478631
9.19 0.234343 -0.000478115
9.2 0.234216 -0.0004776
9.21 0.234089 -0.000477085
9.22 0.233962 -0.000476572
9.23 0.233835 -0.00047606
9.24 0.233709 -0.000475549
9.25 0.233582 -0.00047504
9.26 0.233456 -0.000474531
9.27 0.23333 -0.000474023
9.28 0.233205 -0.000473517
9.29 0.233079 -0.000473011
9.3 0.232954 -0.000472507
9.31 0.232829 -0.000472004
9.32 0.232704 -0.000471502
9.33 0.232579 -0.000471001
9.34 0.232455 -0.0004705
9.35 0.232331 -0.000470001
9.36 0.232206 -0.000469503
9.37 0.232083 -0.000469007
9.38 0.231959 -0.000468511
9.39 0.231835 -0.000468016
9.4 0.231712 -0.000467522
9.41 0.231589 -0.000467029
9.42 0.231466 -0.000466538
9.43 0.231344 -0.000466047
9.44 0.231221 -0.000465558
9.45 0.231099 -0.000465069
9.46 0.230977 -0.000464581
9.47 0.230855 -0.000464095
9.48 0.230733 -0.000463609
9.49 0.230612 -0.000463125
9.5 0.23049 -0.000462641
9.51 0.230369 -0.000462159
9.52 0.230248 -0.000461677
9.53 0.230127 -0.000461197
9.54 0.230007 -0.000460717
9.55 0.229886 -0.000460239
9.56 0.229766 -0.000459761
9.57 0.229646 -0.000459285
9.58 0.229526 -0.000458809
9.59 0.229407 -0.000458335
9.6 0.229287 -0.000457861
9.61 0.229168 -0.000457389
9.62 0.229049 -0.000456917
9.63 0.22893 -0.000456446
9.64 0.228811 -0.000455977
9.65 0.228693 -0.000455508
9.66 0.228575 -0.00045504
9.67 0.228456 -0.000454574
9.68 0.228338 -0.000454108
9.69 0.228221 -0.000453643
9.7 0.228103 -0.000453179
9.71 0.227986 -0.000452716
9.72 0.227868 -0.000452254
9.73 0.227751 -0.000451793
9.74 0.227634 -0.000451333
9.75 0.227518 -0.000450874
9.76 0.227401 -0.000450415
9.77 0.227285 -0.000449958
9.78 0.227169 -0.000449502
9.79 0.227053 -0.000449046
9.8 0.226937 -0.000448591
9.81 0.226821 -0.000448138
9.82 0.226706 -0.000447685
9.83 0.226591 -0.000447233
9.84 0.226475 -0.000446782
9.85 0.226361 -0.000446332
9.86 0.226246 -0.000445883
9.87 0.226131 -0.000445435
9.88 0.226017 -0.000444988
9.89 0.225903 -0.000444541
9.9 0.225789 -0.000444096
9.91 0.225675 -0.000443651
9.92 0.225561 -0.000443208
9.93 0.225447 -0.000442765
9.94 0.225334 -0.000442323
9.95 0.225221 -0.000441882
9.96 0.225108 -0.000441442
9.97 0.224995 -0.000441002
9.98 0.224882 -0.000440564
9.99 0.22477 -0.000440126
10 0.224657 -0.00043969
