0.01 2.51979 -0.0540779
0.02 2.41553 -0.0666694
0.03 2.32124 -0.0784838
0.04 2.23509 -0.0891328
0.05 2.15584 -0.0983703
0.06 2.08258 -0.106079
0.07 2.01467 -0.112252
0.08 1.95161 -0.116968
0.09 1.893 -0.120367
0.1 1.83846 -0.122616
0.11 1.78768 -0.123896
0.12 1.74035 -0.124377
0.13 1.69617 -0.124216
0.14 1.65488 -0.123547
0.15 1.61622 -0.122485
0.16 1.57996 -0.121122
0.17 1.54591 -0.119537
0.18 1.51385 -0.11779
0.19 1.48363 -0.115929
0.2 1.45508 -0.113993
0.21 1.42807 -0.112012
0.22 1.40247 -0.11001
0.23 1.37818 -0.108004
0.24 1.35507 -0.106009
0.25 1.33308 -0.104035
0.26 1.3121 -0.10209
0.27 1.29207 -0.10018
0.28 1.27293 -0.0983096
0.29 1.2546 -0.0964814
0.3 1.23703 -0.0946975
0.31 1.22018 -0.0929589
0.32 1.204 -0.0912663
0.33 1.18844 -0.0896198
0.34 1.17346 -0.088019
0.35 1.15903 -0.0864633
0.36 1.14513 -0.0849521
0.37 1.1317 -0.0834843
0.38 1.11874 -0.0820589
0.39 1.10622 -0.0806747
0.4 1.0941 -0.0793306
0.41 1.08238 -0.0780253
0.42 1.07102 -0.0767577
0.43 1.06001 -0.0755264
0.44 1.04934 -0.0743302
0.45 1.03898 -0.0731681
0.46 1.02892 -0.0720387
0.47 1.01914 -0.0709409
0.48 1.00965 -0.0698736
0.49 1.00041 -0.0688358
0.5 0.991418 -0.0678263
0.51 0.982667 -0.0668442
0.52 0.974143 -0.0658884
0.53 0.965838 -0.0649581
0.54 0.957741 -0.0640523
0.55 0.949845 -0.0631701
0.56 0.942141 -0.0623107
0.57 0.934622 -0.0614734
0.58 0.92728 -0.0606572
0.59 0.920108 -0.0598616
0.6 0.9131 -0.0590857
0.61 0.90625 -0.0583289
0.62 0.899552 -0.0575905
0.63 0.893001 -0.05687
0.64 0.886591 -0.0561666
0.65 0.880316 -0.0554799
0.66 0.874174 -0.0548092
0.67 0.868158 -0.0541541
0.68 0.862265 -0.053514
0.69 0.85649 -0.0528884
0.7 0.85083 -0.0522769
0.71 0.84528 -0.051679
0.72 0.839838 -0.0510943
0.73 0.8345 -0.0505224
0.74 0.829263 -0.0499628
0.75 0.824122 -0.0494152
0.76 0.819077 -0.0488792
0.77 0.814122 -0.0483545
0.78 0.809257 -0.0478406
0.79 0.804478 -0.0473374
0.8 0.799783 -0.0468445
0.81 0.795169 -0.0463615
0.82 0.790634 -0.0458882
0.83 0.786176 -0.0454243
0.84 0.781793 -0.0449695
0.85 0.777482 -0.0445235
0.86 0.773241 -0.0440862
0.87 0.769069 -0.0436573
0.88 0.764965 -0.0432365
0.89 0.760925 -0.0428236
0.9 0.756948 -0.0424184
0.91 0.753034 -0.0420207
0.92 0.749179 -0.0416303
0.93 0.745383 -0.041247
0.94 0.741644 -0.0408706
0.95 0.737961 -0.0405009
0.96 0.734333 -0.0401377
0.97 0.730757 -0.039781
0.98 0.727233 -0.0394304
0.99 0.72376 -0.0390859
1 0.720336 -0.0387473
1.01 0.71696 -0.0384144
1.02 0.713631 -0.0380872
1.03 0.710348 -0.0377654
1.04 0.70711 -0.0374489
1.05 0.703916 -0.0371377
1.06 0.700765 -0.0368315
1.07 0.697656 -0.0365303
1.08 0.694588 -0.036234
1.09 0.69156 -0.0359423
1.1 0.688571 -0.0356553
1.11 0.685621 -0.0353728
1.12 0.682709 -0.0350947
1.13 0.679833 -0.0348209
1.14 0.676993 -0.0345513
1.15 0.674189 -0.0342858
1.16 0.671419 -0.0340243
1.17 0.668683 -0.0337667
1.18 0.66598 -0.033513
1.19 0.66331 -0.0332631
1.2 0.660671 -0.0330168
1.21 0.658064 -0.0327741
1.22 0.655488 -0.0325349
1.23 0.652941 -0.0322992
1.24 0.650424 -0.0320668
1.25 0.647936 -0.0318377
1.26 0.645476 -0.0316119
1.27 0.643045 -0.0313892
1.28 0.64064 -0.0311696
1.29 0.638262 -0.0309531
1.3 0.63591 -0.0307395
1.31 0.633585 -0.0305288
1.32 0.631284 -0.030321
1.33 0.629009 -0.030116
1.34 0.626758 -0.0299137
1.35 0.624531 -0.0297141
1.36 0.622327 -0.0295171
1.37 0.620147 -0.0293227
1.38 0.617989 -0.0291308
1.39 0.615854 -0.0289414
1.4 0.613741 -0.0287545
1.41 0.611649 -0.0285699
1.42 0.609579 -0.0283877
1.43 0.60753 -0.0282078
1.44 0.605501 -0.0280301
1.45 0.603492 -0.0278547
1.46 0.601503 -0.0276814
1.47 0.599534 -0.0275102
1.48 0.597584 -0.0273412
1.49 0.595653 -0.0271742
1.5 0.59374 -0.0270092
1.51 0.591846 -0.0268462
1.52 0.58997 -0.0266851
1.53 0.588111 -0.026526
1.54 0.58627 -0.0263687
1.55 0.584446 -0.0262133
1.56 0.582639 -0.0260597
1.57 0.580849 -0.0259079
1.58 0.579075 -0.0257578
1.59 0.577318 -0.0256095
1.6 0.575576 -0.0254628
1.61 0.57385 -0.0253179
1.62 0.572139 -0.0251745
1.63 0.570444 -0.0250328
1.64 0.568763 -0.0248926
1.65 0.567097 -0.024754
1.66 0.565446 -0.0246169
1.67 0.563809 -0.0244813
1.68 0.562187 -0.0243472
1.69 0.560578 -0.0242146
1.7 0.558983 -0.0240834
1.71 0.557402 -0.0239536
1.72 0.555834 -0.0238252
1.73 0.554279 -0.0236981
1.74 0.552737 -0.0235724
1.75 0.551207 -0.023448
1.76 0.549691 -0.023325
1.77 0.548187 -0.0232032
1.78 0.546695 -0.0230826
1.79 0.545215 -0.0229633
1.8 0.543748 -0.0228453
1.81 0.542292 -0.0227284
1.82 0.540847 -0.0226127
1.83 0.539415 -0.0224982
1.84 0.537993 -0.0223848
1.85 0.536583 -0.0222726
1.86 0.535184 -0.0221615
1.87 0.533795 -0.0220515
1.88 0.532418 -0.0219426
1.89 0.531051 -0.0218347
1.9 0.529694 -0.0217279
1.91 0.528348 -0.0216221
1.92 0.527012 -0.0215174
1.93 0.525686 -0.0214136
1.94 0.52437 -0.0213109
1.95 0.523064 -0.0212091
1.96 0.521768 -0.0211083
1.97 0.520481 -0.0210085
1.98 0.519203 -0.0209096
1.99 0.517936 -0.0208116
2 0.516677 -0.0207145
2.01 0.515427 -0.0206183
2.02 0.514187 -0.020523
2.03 0.512955 -0.0204286
2.04 0.511732 -0.020335
2.05 0.510518 -0.0202423
2.06 0.509313 -0.0201505
2.07 0.508116 -0.0200594
2.08 0.506927 -0.0199692
2.09 0.505747 -0.0198798
2.1 0.504575 -0.0197912
2.11 0.503411 -0.0197034
2.12 0.502255 -0.0196163
2.13 0.501107 -0.01953
2.14 0.499966 -0.0194445
2.15 0.498834 -0.0193597
2.16 0.497709 -0.0192756
2.17 0.496592 -0.0191923
2.18 0.495482 -0.0191097
2.19 0.49438 -0.0190278
2.2 0.493285 -0.0189465
2.21 0.492197 -0.018866
2.22 0.491117 -0.0187862
2.23 0.490043 -0.018707
2.24 0.488977 -0.0186285
2.25 0.487917 -0.0185506
2.26 0.486865 -0.0184734
2.27 0.485819 -0.0183969
2.28 0.484779 -0.0183209
2.29 0.483747 -0.0182456
2.3 0.482721 -0.0181709
2.31 0.481701 -0.0180968
2.32 0.480688 -0.0180233
2.33 0.479682 -0.0179504
2.34 0.478681 -0.0178781
2.35 0.477687 -0.0178064
2.36 0.476699 -0.0177352
2.37 0.475717 -0.0176646
2.38 0.474742 -0.0175946
2.39 0.473772 -0.0175251
2.4 0.472808 -0.0174562
2.41 0.47185 -0.0173878
2.42 0.470897 -0.0173199
2.43 0.469951 -0.0172526
2.44 0.46901 -0.0171858
2.45 0.468075 -0.0171195
2.46 0.467145 -0.0170537
2.47 0.466221 -0.0169884
2.48 0.465303 -0.0169236
2.49 0.464389 -0.0168593
2.5 0.463481 -0.0167955
2.51 0.462579 -0.0167322
2.52 0.461682 -0.0166693
2.53 0.460789 -0.0166069
2.54 0.459902 -0.016545
2.55 0.459021 -0.0164835
2.56 0.458144 -0.0164225
2.57 0.457272 -0.0163619
2.58 0.456405 -0.0163018
2.59 0.455543 -0.0162422
2.6 0.454686 -0.0161829
2.61 0.453834 -0.0161241
2.62 0.452986 -0.0160657
2.63 0.452144 -0.0160077
2.64 0.451306 -0.0159502
2.65 0.450472 -0.0158931
2.66 0.449643 -0.0158363
2.67 0.448819 -0.01578
2.68 0.447999 -0.0157241
2.69 0.447184 -0.0156685
2.7 0.446373 -0.0156134
2.71 0.445567 -0.0155586
2.72 0.444765 -0.0155043
2.73 0.443967 -0.0154503
2.74 0.443174 -0.0153966
2.75 0.442384 -0.0153434
2.76 0.441599 -0.0152905
2.77 0.440818 -0.015238
2.78 0.440042 -0.0151858
2.79 0.439269 -0.015134
2.8 0.4385 -0.0150825
2.81 0.437736 -0.0150314
2.82 0.436975 -0.0149807
2.83 0.436219 -0.0149302
2.84 0.435466 -0.0148802
2.85 0.434717 -0.0148304
2.86 0.433972 -0.014781
2.87 0.433231 -0.0147319
2.88 0.432494 -0.0146831
2.89 0.43176 -0.0146347
2.9 0.43103 -0.0145866
2.91 0.430304 -0.0145388
2.92 0.429581 -0.0144913
2.93 0.428862 -0.0144441
2.94 0.428147 -0.0143972
2.95 0.427435 -0.0143506
2.96 0.426727 -0.0143043
2.97 0.426022 -0.0142583
2.98 0.425321 -0.0142126
2.99 0.424623 -0.0141672
3 0.423929 -0.0141221
3.01 0.423238 -0.0140773
3.02 0.42255 -0.0140328
3.03 0.421866 -0.0139885
3.04 0.421185 -0.0139445
3.05 0.420507 -0.0139008
3.06 0.419833 -0.0138574
3.07 0.419162 -0.0138142
3.08 0.418494 -0.0137713
3.09 0.417829 -0.0137287
3.1 0.417167 -0.0136864
3.11 0.416509 -0.0136442
3.12 0.415854 -0.0136024
3.13 0.415201 -0.0135608
3.14 0.414552 -0.0135195
3.15 0.413906 -0.0134784
3.16 0.413263 -0.0134375
3.17 0.412623 -0.0133969
3.18 0.411985 -0.0133566
3.19 0.411351 -0.0133165
3.2 0.41072 -0.0132766
3.21 0.410091 -0.013237
3.22 0.409466 -0.0131976
3.23 0.408843 -0.0131584
3.24 0.408223 -0.0131195
3.25 0.407606 -0.0130808
3.26 0.406992 -0.0130424
3.27 0.40638 -0.0130041
3.28 0.405771 -0.0129661
3.29 0.405165 -0.0129283
3.3 0.404562 -0.0128907
3.31 0.403961 -0.0128533
3.32 0.403363 -0.0128162
3.33 0.402768 -0.0127793
3.34 0.402175 -0.0127425
3.35 0.401585 -0.012706
3.36 0.400998 -0.0126697
3.37 0.400413 -0.0126336
3.38 0.39983 -0.0125977
3.39 0.39925 -0.0125621
3.4 0.398673 -0.0125266
3.41 0.398098 -0.0124913
3.42 0.397526 -0.0124562
3.43 0.396956 -0.0124213
3.44 0.396389 -0.0123866
3.45 0.395824 -0.0123521
3.46 0.395261 -0.0123178
3.47 0.394701 -0.0122837
3.48 0.394143 -0.0122497
3.49 0.393587 -0.012216
3.5 0.393034 -0.0121824
3.51 0.392483 -0.012149
3.52 0.391935 -0.0121158
3.53 0.391389 -0.0120828
3.54 0.390845 -0.01205
3.55 0.390303 -0.0120173
3.56 0.389764 -0.0119849
3.57 0.389226 -0.0119525
3.58 0.388691 -0.0119204
3.59 0.388159 -0.0118885
3.6 0.387628 -0.0118567
3.61 0.3871 -0.011825
3.62 0.386573 -0.0117936
3.63 0.386049 -0.0117623
3.64 0.385527 -0.0117312
3.65 0.385007 -0.0117002
3.66 0.38449 -0.0116694
3.67 0.383974 -0.0116388
3.68 0.38346 -0.0116083
3.69 0.382949 -0.011578
3.7 0.382439 -0.0115479
3.71 0.381932 -0.0115179
3.72 0.381426 -0.011488
3.73 0.380922 -0.0114583
3.74 0.380421 -0.0114288
3.75 0.379921 -0.0113994
3.76 0.379424 -0.0113702
3.77 0.378928 -0.0113411
3.78 0.378435 -0.0113122
3.79 0.377943 -0.0112834
3.8 0.377453 -0.0112547
3.81 0.376965 -0.0112262
3.82 0.376479 -0.0111979
3.83 0.375995 -0.0111697
3.84 0.375512 -0.0111416
3.85 0.375032 -0.0111137
3.86 0.374553 -0.0110859
3.87 0.374077 -0.0110582
3.88 0.373602 -0.0110307
3.89 0.373128 -0.0110033
3.9 0.372657 -0.0109761
3.91 0.372187 -0.010949
3.92 0.37172 -0.010922
3.93 0.371253 -0.0108952
3.94 0.370789 -0.0108685
3.95 0.370327 -0.0108419
3.96 0.369866 -0.0108155
3.97 0.369407 -0.0107891
3.98 0.368949 -0.0107629
3.99 0.368493 -0.0107369
4 0.368039 -0.0107109
4.01 0.367587 -0.0106851
4.02 0.367136 -0.0106594
4.03 0.366687 -0.0106339
4.04 0.36624 -0.0106084
4.05 0.365794 -0.0105831
4.06 0.36535 -0.0105579
4.07 0.364907 -0.0105328
4.08 0.364466 -0.0105078
4.09 0.364027 -0.010483
4.1 0.363589 -0.0104583
4.11 0.363153 -0.0104337
4.12 0.362718 -0.0104092
4.13 0.362285 -0.0103848
4.14 0.361854 -0.0103605
4.15 0.361424 -0.0103363
4.16 0.360995 -0.0103123
4.17 0.360568 -0.0102884
4.18 0.360143 -0.0102646
4.19 0.359719 -0.0102408
4.2 0.359297 -0.0102172
4.21 0.358876 -0.0101937
4.22 0.358456 -0.0101704
4.23 0.358038 -0.0101471
4.24 0.357622 -0.0101239
4.25 0.357207 -0.0101008
4.26 0.356793 -0.0100779
4.27 0.356381 -0.010055
4.28 0.35597 -0.0100323
4.29 0.355561 -0.0100096
4.3 0.355153 -0.00998707
4.31 0.354746 -0.00996462
4.32 0.354341 -0.00994227
4.33 0.353937 -0.00992002
4.34 0.353535 -0.00989787
4.35 0.353134 -0.00987582
4.36 0.352734 -0.00985387
4.37 0.352336 -0.00983202
4.38 0.351939 -0.00981026
4.39 0.351543 -0.0097886
4.4 0.351149 -0.00976703
4.41 0.350756 -0.00974556
4.42 0.350364 -0.00972418
4.43 0.349974 -0.0097029
4.44 0.349585 -0.00968171
4.45 0.349197 -0.00966061
4.46 0.34881 -0.0096396
4.47 0.348425 -0.00961868
4.48 0.348041 -0.00959786
4.49 0.347659 -0.00957712
4.5 0.347277 -0.00955648
4.51 0.346897 -0.00953592
4.52 0.346518 -0.00951545
4.53 0.346141 -0.00949507
4.54 0.345764 -0.00947477
4.55 0.345389 -0.00945457
4.56 0.345015 -0.00943444
4.57 0.344642 -0.00941441
4.58 0.344271 -0.00939446
4.59 0.3439 -0.00937459
4.6 0.343531 -0.00935481
4.61 0.343163 -0.00933511
4.62 0.342796 -0.00931549
4.63 0.342431 -0.00929595
4.64 0.342066 -0.0092765
4.65 0.341703 -0.00925713
4.66 0.341341 -0.00923784
4.67 0.34098 -0.00921863
4.68 0.34062 -0.00919949
4.69 0.340261 -0.00918044
4.7 0.339904 -0.00916147
4.71 0.339547 -0.00914257
4.72 0.339192 -0.00912376
4.73 0.338838 -0.00910501
4.74 0.338485 -0.00908635
4.75 0.338133 -0.00906776
4.76 0.337782 -0.00904925
4.77 0.337432 -0.00903082
4.78 0.337083 -0.00901246
4.79 0.336735 -0.00899417
4.8 0.336389 -0.00897596
4.81 0.336043 -0.00895782
4.82 0.335699 -0.00893975
4.83 0.335355 -0.00892176
4.84 0.335013 -0.00890384
4.85 0.334672 -0.00888599
4.86 0.334332 -0.00886821
4.87 0.333992 -0.00885051
4.88 0.333654 -0.00883287
4.89 0.333317 -0.0088153
4.9 0.332981 -0.00879781
4.91 0.332646 -0.00878038
4.92 0.332312 -0.00876302
4.93 0.331978 -0.00874573
4.94 0.331646 -0.00872851
4.95 0.331315 -0.00871136
4.96 0.330985 -0.00869427
4.97 0.330656 -0.00867725
4.98 0.330328 -0.0086603
4.99 0.330001 -0.00864341
5 0.329674 -0.00862659
5.01 0.329349 -0.00860983
5.02 0.329025 -0.00859314
5.03 0.328701 -0.00857651
5.04 0.328379 -0.00855995
5.05 0.328058 -0.00854345
5.06 0.327737 -0.00852702
5.07 0.327417 -0.00851065
5.08 0.327099 -0.00849434
5.09 0.326781 -0.00847809
5.1 0.326464 -0.0084619
5.11 0.326148 -0.00844578
5.12 0.325834 -0.00842972
5.13 0.325519 -0.00841372
5.14 0.325206 -0.00839778
5.15 0.324894 -0.0083819
5.16 0.324583 -0.00836608
5.17 0.324272 -0.00835032
5.18 0.323963 -0.00833462
5.19 0.323654 -0.00831897
5.2 0.323346 -0.00830339
5.21 0.323039 -0.00828786
5.22 0.322733 -0.0082724
5.23 0.322428 -0.00825699
5.24 0.322124 -0.00824163
5.25 0.321821 -0.00822634
5.26 0.321518 -0.0082111
5.27 0.321216 -0.00819591
5.28 0.320915 -0.00818079
5.29 0.320615 -0.00816572
5.3 0.320316 -0.0081507
5.31 0.320018 -0.00813574
5.32 0.31972 -0.00812083
5.33 0.319423 -0.00810598
5.34 0.319128 -0.00809119
5.35 0.318833 -0.00807644
5.36 0.318538 -0.00806175
5.37 0.318245 -0.00804712
5.38 0.317952 -0.00803253
5.39 0.31766 -0.008018
5.4 0.317369 -0.00800353
5.41 0.317079 -0.0079891
5.42 0.31679 -0.00797473
5.43 0.316501 -0.0079604
5.44 0.316213 -0.00794613
5.45 0.315926 -0.00793191
5.46 0.31564 -0.00791774
5.47 0.315354 -0.00790363
5.48 0.31507 -0.00788956
5.49 0.314786 -0.00787554
5.5 0.314503 -0.00786157
5.51 0.31422 -0.00784765
5.52 0.313939 -0.00783378
5.53 0.313658 -0.00781996
5.54 0.313377 -0.00780619
5.55 0.313098 -0.00779246
5.56 0.312819 -0.00777879
5.57 0.312541 -0.00776516
5.58 0.312264 -0.00775158
5.59 0.311988 -0.00773805
5.6 0.311712 -0.00772456
5.61 0.311437 -0.00771112
5.62 0.311163 -0.00769773
5.63 0.310889 -0.00768438
5.64 0.310617 -0.00767108
5.65 0.310344 -0.00765783
5.66 0.310073 -0.00764462
5.67 0.309802 -0.00763146
5.68 0.309532 -0.00761834
5.69 0.309263 -0.00760527
5.7 0.308995 -0.00759224
5.71 0.308727 -0.00757926
5.72 0.30846 -0.00756632
5.73 0.308193 -0.00755343
5.74 0.307927 -0.00754058
5.75 0.307662 -0.00752777
5.76 0.307398 -0.00751501
5.77 0.307134 -0.00750229
5.78 0.306871 -0.00748961
5.79 0.306609 -0.00747697
5.8 0.306347 -0.00746438
5.81 0.306086 -0.00745183
5.82 0.305826 -0.00743932
5.83 0.305566 -0.00742686
5.84 0.305307 -0.00741443
5.85 0.305048 -0.00740205
5.86 0.304791 -0.00738971
5.87 0.304534 -0.00737741
5.88 0.304277 -0.00736515
5.89 0.304021 -0.00735293
5.9 0.303766 -0.00734075
5.91 0.303512 -0.00732862
5.92 0.303258 -0.00731652
5.93 0.303005 -0.00730446
5.94 0.302752 -0.00729244
5.95 0.3025 -0.00728046
5.96 0.302249 -0.00726852
5.97 0.301998 -0.00725662
5.98 0.301748 -0.00724476
5.99 0.301498 -0.00723294
6 0.30125 -0.00722115
6.01 0.301001 -0.00720941
6.02 0.300754 -0.0071977
6.03 0.300507 -0.00718603
6.04 0.30026 -0.0071744
6.05 0.300015 -0.0071628
6.06 0.299769 -0.00715125
6.07 0.299525 -0.00713973
6.08 0.299281 -0.00712824
6.09 0.299037 -0.0071168
6.1 0.298795 -0.00710539
6.11 0.298552 -0.00709402
6.12 0.298311 -0.00708268
6.13 0.29807 -0.00707138
6.14 0.297829 -0.00706011
6.15 0.297589 -0.00704889
6.16 0.29735 -0.00703769
6.17 0.297111 -0.00702654
6.18 0.296873 -0.00701541
6.19 0.296636 -0.00700433
6.2 0.296399 -0.00699327
6.21 0.296162 -0.00698226
6.22 0.295926 -0.00697128
6.23 0.295691 -0.00696033
6.24 0.295456 -0.00694941
6.25 0.295222 -0.00693853
6.26 0.294988 -0.00692769
6.27 0.294755 -0.00691688
6.28 0.294523 -0.0069061
6.29 0.294291 -0.00689535
6.3 0.294059 -0.00688464
6.31 0.293828 -0.00687397
6.32 0.293598 -0.00686332
6.33 0.293368 -0.00685271
6.34 0.293139 -0.00684213
6.35 0.29291 -0.00683158
6.36 0.292682 -0.00682107
6.37 0.292454 -0.00681059
6.38 0.292227 -0.00680014
6.39 0.292001 -0.00678972
6.4 0.291775 -0.00677933
6.41 0.291549 -0.00676898
6.42 0.291324 -0.00675866
6.43 0.291099 -0.00674837
6.44 0.290875 -0.00673811
6.45 0.290652 -0.00672788
6.46 0.290429 -0.00671768
6.47 0.290207 -0.00670751
6.48 0.289985 -0.00669738
6.49 0.289763 -0.00668727
6.5 0.289542 -0.0066772
6.51 0.289322 -0.00666715
6.52 0.289102 -0.00665714
6.53 0.288883 -0.00664716
6.54 0.288664 -0.0066372
6.55 0.288445 -0.00662728
6.56 0.288227 -0.00661738
6.57 0.28801 -0.00660751
6.58 0.287793 -0.00659768
6.59 0.287576 -0.00658787
6.6 0.28736 -0.00657809
6.61 0.287145 -0.00656834
6.62 0.28693 -0.00655862
6.63 0.286715 -0.00654893
6.64 0.286501 -0.00653927
6.65 0.286288 -0.00652964
6.66 0.286075 -0.00652003
6.67 0.285862 -0.00651045
6.68 0.28565 -0.0065009
6.69 0.285438 -0.00649138
6.7 0.285227 -0.00648189
6.71 0.285017 -0.00647242
6.72 0.284806 -0.00646298
6.73 0.284596 -0.00645357
6.74 0.284387 -0.00644419
6.75 0.284178 -0.00643483
6.76 0.28397 -0.0064255
6.77 0.283762 -0.0064162
6.78 0.283554 -0.00640692
6.79 0.283347 -0.00639768
6.8 0.283141 -0.00638845
6.81 0.282935 -0.00637926
6.82 0.282729 -0.00637009
6.83 0.282524 -0.00636095
6.84 0.282319 -0.00635183
6.85 0.282115 -0.00634274
6.86 0.281911 -0.00633367
6.87 0.281707 -0.00632464
6.88 0.281504 -0.00631562
6.89 0.281302 -0.00630664
6.9 0.2811 -0.00629767
6.91 0.280898 -0.00628874
6.92 0.280697 -0.00627983
6.93 0.280496 -0.00627094
6.94 0.280295 -0.00626208
6.95 0.280095 -0.00625325
6.96 0.279896 -0.00624443
6.97 0.279697 -0.00623565
6.98 0.279498 -0.00622689
6.99 0.2793 -0.00621815
7 0.279102 -0.00620944
7.01 0.278904 -0.00620075
7.02 0.278707 -0.00619209
7.03 0.278511 -0.00618345
7.04 0.278314 -0.00617483
7.05 0.278119 -0.00616624
7.06 0.277923 -0.00615767
7.07 0.277728 -0.00614913
7.08 0.277534 -0.00614061
7.09 0.27734 -0.00613211
7.1 0.277146 -0.00612364
7.11 0.276953 -0.00611519
7.12 0.27676 -0.00610677
7.13 0.276567 -0.00609836
7.14 0.276375 -0.00608998
7.15 0.276183 -0.00608163
7.16 0.275992 -0.00607329
7.17 0.275801 -0.00606498
7.18 0.275611 -0.00605669
7.19 0.27542 -0.00604843
7.2 0.275231 -0.00604018
7.21 0.275041 -0.00603196
7.22 0.274852 -0.00602376
7.23 0.274664 -0.00601559
7.24 0.274476 -0.00600743
7.25 0.274288 -0.0059993
7.26 0.274101 -0.00599119
7.27 0.273913 -0.0059831
7.28 0.273727 -0.00597503
7.29 0.273541 -0.00596699
7.3 0.273355 -0.00595897
7.31 0.273169 -0.00595097
7.32 0.272984 -0.00594299
7.33 0.272799 -0.00593503
7.34 0.272615 -0.00592709
7.35 0.272431 -0.00591917
7.36 0.272247 -0.00591128
7.37 0.272064 -0.0059034
7.38 0.271881 -0.00589555
7.39 0.271699 -0.00588772
7.4 0.271516 -0.00587991
7.41 0.271335 -0.00587212
7.42 0.271153 -0.00586435
7.43 0.270972 -0.0058566
7.44 0.270792 -0.00584887
7.45 0.270611 -0.00584116
7.46 0.270431 -0.00583347
7.47 0.270252 -0.0058258
7.48 0.270072 -0.00581815
7.49 0.269893 -0.00581052
7.5 0.269715 -0.00580292
7.51 0.269537 -0.00579533
7.52 0.269359 -0.00578776
7.53 0.269181 -0.00578021
7.54 0.269004 -0.00577268
7.55 0.268827 -0.00576517
7.56 0.268651 -0.00575768
7.57 0.268475 -0.00575021
7.58 0.268299 -0.00574276
7.59 0.268124 -0.00573533
7.6 0.267949 -0.00572792
7.61 0.267774 -0.00572052
7.62 0.2676 -0.00571315
7.63 0.267426 -0.00570579
7.64 0.267252 -0.00569845
7.65 0.267078 -0.00569114
7.66 0.266905 -0.00568384
7.67 0.266733 -0.00567656
7.68 0.26656 -0.0056693
7.69 0.266388 -0.00566205
7.7 0.266217 -0.00565483
7.71 0.266045 -0.00564762
7.72 0.265874 -0.00564043
7.73 0.265704 -0.00563326
7.74 0.265533 -0.00562611
7.75 0.265363 -0.00561898
7.76 0.265193 -0.00561186
7.77 0.265024 -0.00560477
7.78 0.264855 -0.00559769
7.79 0.264686 -0.00559063
7.8 0.264518 -0.00558358
7.81 0.26435 -0.00557656
7.82 0.264182 -0.00556955
7.83 0.264015 -0.00556256
7.84 0.263847 -0.00555558
7.85 0.263681 -0.00554863
7.86 0.263514 -0.00554169
7.87 0.263348 -0.00553477
7.88 0.263182 -0.00552787
7.89 0.263016 -0.00552098
7.9 0.262851 -0.00551411
7.91 0.262686 -0.00550726
7.92 0.262522 -0.00550042
7.93 0.262357 -0.0054936
7.94 0.262193 -0.0054868
7.95 0.26203 -0.00548002
7.96 0.261866 -0.00547325
7.97 0.261703 -0.0054665
7.98 0.26154 -0.00545976
7.99 0.261378 -0.00545305
8 0.261216 -0.00544634
8.01 0.261054 -0.00543966
8.02 0.260892 -0.00543299
8.03 0.260731 -0.00542634
8.04 0.26057 -0.0054197
8.05 0.260409 -0.00541308
8.06 0.260249 -0.00540648
8.07 0.260089 -0.00539989
8.08 0.259929 -0.00539332
8.09 0.259769 -0.00538676
8.1 0.25961 -0.00538022
8.11 0.259451 -0.0053737
8.12 0.259293 -0.00536719
8.13 0.259134 -0.0053607
8.14 0.258976 -0.00535422
8.15 0.258818 -0.00534776
8.16 0.258661 -0.00534132
8.17 0.258504 -0.00533489
8.18 0.258347 -0.00532847
8.19 0.25819 -0.00532207
8.2 0.258034 -0.00531569
8.21 0.257878 -0.00530932
8.22 0.257722 -0.00530297
8.23 0.257567 -0.00529663
8.24 0.257411 -0.00529031
8.25 0.257257 -0.005284
8.26 0.257102 -0.00527771
8.27 0.256948 -0.00527143
8.28 0.256793 -0.00526517
8.29 0.25664 -0.00525892
8.3 0.256486 -0.00525268
8.31 0.256333 -0.00524647
8.32 0.25618 -0.00524026
8.33 0.256027 -0.00523407
8.34 0.255875 -0.0052279
8.35 0.255723 -0.00522174
8.36 0.255571 -0.00521559
8.37 0.255419 -0.00520946
8.38 0.255268 -0.00520335
8.39 0.255117 -0.00519724
8.4 0.254966 -0.00519116
8.41 0.254815 -0.00518508
8.42 0.254665 -0.00517902
8.43 0.254515 -0.00517298
8.44 0.254365 -0.00516695
8.45 0.254216 -0.00516093
8.46 0.254067 -0.00515493
8.47 0.253918 -0.00514894
8.48 0.253769 -0.00514296
8.49 0.25362 -0.005137
8.5 0.253472 -0.00513105
8.51 0.253324 -0.00512512
8.52 0.253177 -0.0051192
8.53 0.253029 -0.00511329
8.54 0.252882 -0.0051074
8.55 0.252735 -0.00510152
8.56 0.252589 -0.00509565
8.57 0.252442 -0.0050898
8.58 0.252296 -0.00508396
8.59 0.25215 -0.00507814
8.6 0.252005 -0.00507232
8.61 0.251859 -0.00506652
8.62 0.251714 -0.00506074
8.63 0.251569 -0.00505497
8.64 0.251425 -0.00504921
8.65 0.25128 -0.00504346
8.66 0.251136 -0.00503773
8.67 0.250992 -0.00503201
8.68 0.250849 -0.0050263
8.69 0.250705 -0.00502061
8.7 0.250562 -0.00501492
8.71 0.250419 -0.00500926
8.72 0.250277 -0.0050036
8.73 0.250134 -0.00499796
8.74 0.249992 -0.00499233
8.75 0.24985 -0.00498671
8.76 0.249709 -0.0049811
8.77 0.249567 -0.00497551
8.78 0.249426 -0.00496993
8.79 0.249285 -0.00496436
8.8 0.249144 -0.00495881
8.81 0.249004 -0.00495327
8.82 0.248864 -0.00494774
8.83 0.248724 -0.00494222
8.84 0.248584 -0.00493671
8.85 0.248444 -0.00493122
8.86 0.248305 -0.00492574
8.87 0.248166 -0.00492027
8.88 0.248027 -0.00491481
8.89 0.247888 -0.00490937
8.9 0.24775 -0.00490394
8.91 0.247612 -0.00489851
8.92 0.247474 -0.00489311
8.93 0.247336 -0.00488771
8.94 0.247199 -0.00488232
8.95 0.247062 -0.00487695
8.96 0.246925 -0.00487159
8.97 0.246788 -0.00486624
8.98 0.246651 -0.0048609
8.99 0.246515 -0.00485558
9 0.246379 -0.00485026
9.01 0.246243 -0.00484496
9.02 0.246108 -0.00483967
9.03 0.245972 -0.00483439
9.04 0.245837 -0.00482912
9.05 0.245702 -0.00482386
9.06 0.245567 -0.00481862
9.07 0.245433 -0.00481339
9.08 0.245299 -0.00480816
9.09 0.245164 -0.00480295
9.1 0.245031 -0.00479775
9.11 0.244897 -0.00479256
9.12 0.244764 -0.00478739
9.13 0.24463 -0.00478222
9.14 0.244497 -0.00477707
9.15 0.244365 -0.00477192
9.16 0.244232 -0.00476679
9.17 0.2441 -0.00476167
9.18 0.243968 -0.00475656
9.19 0.243836 -0.00475146
9.2 0.243704 -0.00474637
9.21 0.243573 -0.00474129
9.22 0.243441 -0.00473622
9.23 0.24331 -0.00473117
9.24 0.243179 -0.00472612
9.25 0.243049 -0.00472108
9.26 0.242918 -0.00471606
9.27 0.242788 -0.00471105
9.28 0.242658 -0.00470604
9.29 0.242528 -0.00470105
9.3 0.242399 -0.00469607
9.31 0.242269 -0.0046911
9.32 0.24214 -0.00468614
9.33 0.242011 -0.00468119
9.34 0.241882 -0.00467625
9.35 0.241754 -0.00467132
9.36 0.241626 -0.0046664
9.37 0.241497 -0.00466149
9.38 0.24137 -0.00465659
9.39 0.241242 -0.00465171
9.4 0.241114 -0.00464683
9.41 0.240987 -0.00464196
9.42 0.24086 -0.0046371
9.43 0.240733 -0.00463226
9.44 0.240606 -0.00462742
9.45 0.24048 -0.00462259
9.46 0.240353 -0.00461778
9.47 0.240227 -0.00461297
9.48 0.240101 -0.00460817
9.49 0.239975 -0.00460339
9.5 0.23985 -0.00459861
9.51 0.239725 -0.00459384
9.52 0.239599 -0.00458908
9.53 0.239474 -0.00458434
9.54 0.23935 -0.0045796
9.55 0.239225 -0.00457487
9.56 0.239101 -0.00457015
9.57 0.238977 -0.00456545
9.58 0.238853 -0.00456075
9.59 0.238729 -0.00455606
9.6 0.238605 -0.00455138
9.61 0.238482 -0.00454671
9.62 0.238359 -0.00454205
9.63 0.238236 -0.0045374
9.64 0.238113 -0.00453276
9.65 0.23799 -0.00452813
9.66 0.237868 -0.0045235
9.67 0.237745 -0.00451889
9.68 0.237623 -0.00451429
9.69 0.237502 -0.00450969
9.7 0.23738 -0.00450511
9.71 0.237258 -0.00450053
9.72 0.237137 -0.00449597
9.73 0.237016 -0.00449141
9.74 0.236895 -0.00448686
9.75 0.236774 -0.00448233
9.76 0.236654 -0.0044778
9.77 0.236533 -0.00447328
9.78 0.236413 -0.00446877
9.79 0.236293 -0.00446426
9.8 0.236173 -0.00445977
9.81 0.236053 -0.00445529
9.82 0.235934 -0.00445081
9.83 0.235815 -0.00444635
9.84 0.235696 -0.00444189
9.85 0.235577 -0.00443744
9.86 0.235458 -0.004433
9.87 0.235339 -0.00442857
9.88 0.235221 -0.00442415
9.89 0.235103 -0.00441974
9.9 0.234985 -0.00441534
9.91 0.234867 -0.00441094
9.92 0.234749 -0.00440655
9.93 0.234631 -0.00440218
9.94 0.234514 -0.00439781
9.95 0.234397 -0.00439345
9.96 0.23428 -0.0043891
9.97 0.234163 -0.00438475
9.98 0.234047 -0.00438042
9.99 0.23393 -0.00437609
10 0.233814 -0.00437178
