25.0 0.1628258746418703 
28.75 0.1554575583104899 
32.5 0.1491424844564294 
36.25 0.1436384362834872 
40.0 0.1387764411352214 
43.75 0.1344342083184943 
47.5 0.1305205481400904 
51.25 0.1269657567679269 
55.0 0.123715429616369 
58.75 0.1207263389106849 
62.5 0.1179636036572265 
66.25 0.1153986963358749 
70.0 0.1130080071977545 
73.75 0.1107717896696398 
77.5 0.1086733720994403 
81.25 0.1066985593559176 
85.0 0.1048351721762871 
88.75 0.1030726880596145 
92.5 0.1014019581039955 
96.25 0.09981498138869871 
100.0 0.09830472348421193 
103.75 0.09686496917428253 
107.5 0.09549020197103893 
111.25 0.09417550480934885 
115.0 0.09291647762779734 
118.75 0.09170916852196523 
122.5 0.09055001588785566 
126.25 0.0894357995267635 
130.0 0.08836359910513977 
133.75 0.08733075868798001 
137.5 0.08633485631642106 
141.25 0.08537367779738383 
145.0 0.0844451940283635 
148.75 0.0835475413035759 
152.5 0.08267900414590729 
156.25 0.08183800028798528 
160.0 0.08102306748937507 
163.75 0.08023285192861035 
167.5 0.07946609795096622 
171.25 0.07872163898748855 
175.0 0.07799838948931091 
178.75 0.07729533774489304 
182.5 0.07661153946743333 
186.25 0.07594611205608388 
190.0 0.07529822944831605 
193.75 0.0746671174923246 
197.5 0.07405204977809823 
201.25 0.07345234387403325 
205.0 0.07286735792297781 
208.75 0.0722964875575696 
212.5 0.0717391630998388 
216.25 0.0711948470144316 
220.0 0.0706630315885764 
223.75 0.07014323681516552 
227.5 0.06963500845813494 
231.25 0.06913791628175994 
235.0 0.0686515524276008 
238.75 0.0681755299246763 
242.5 0.06770948132005214 
246.25 0.06725305741843858 
250.0 0.06680592612062682 
253.75 0.06636777135167814 
257.5 0.06593829207073423 
261.25 0.0655172013551599 
265.0 0.06510422555247375 
268.75 0.06469910349418101 
272.5 0.06430158576620784 
276.25 0.06391143403115558 
280.0 0.06352842039805523 
283.75 0.06315232683571546 
287.5 0.06278294462612434 
291.25 0.06242007385469447 
295.0 0.06206352293443604 
298.75 0.06171310816140584 
302.5 0.06136865329901837 
306.25 0.06102998918901809 
310.0 0.06069695338710441 
313.75 0.06036938982137423 
317.5 0.06004714847190326 
321.25 0.05973008506992926 
325.0 0.05941806081522782 
328.75 0.05911094211038818 
332.5 0.05880860031080097 
336.25 0.05851091148926647 
340.0 0.05821775621421795 
343.75 0.05792901934063472 
347.5 0.05764458981279123 
351.25 0.05736436047805438 
355.0 0.05708822791100164 
358.75 0.05681609224718719 
362.5 0.05654785702593382 
366.25 0.05628342904157433 
370.0 0.05602271820260819 
373.75 0.05576563739827826 
377.5 0.05551210237210785 
381.25 0.05526203160197064 
385.0 0.05501534618629709 
388.75 0.05477196973604737 
392.5 0.05453182827210741 
396.25 0.05429485012778765 
