25.0 0.1038165588780287 
28.75 0.09796146154547468 
32.5 0.09300940605094406 
36.25 0.0887477445324915 
40.0 0.08502837418036702 
43.75 0.08174443203285303 
47.5 0.0788165492662625 
51.25 0.07618433924595339 
55.0 0.07380091012492142 
58.75 0.07162920551463393 
62.5 0.06963949272955174 
66.25 0.06780759517588383 
70.0 0.06611362103670675 
73.75 0.0645410311989105 
77.5 0.0630759441598382 
81.25 0.06170660970805425 
85.0 0.06042300490187554 
88.75 0.05921652006100386 
92.5 0.05807971195216716 
96.25 0.0570061077840211 
100.0 0.05599004807649215 
103.75 0.05502655959611191 
107.5 0.0541112517772982 
111.25 0.05324023165912605 
115.0 0.05241003354408538 
118.75 0.05161756045575136 
122.5 0.05086003512285702 
126.25 0.05013495870829069 
130.0 0.04944007587557955 
133.75 0.0487733450727969 
137.5 0.04813291313640914 
141.25 0.04751709349128025 
145.0 0.04692434735957864 
148.75 0.04635326749936497 
152.5 0.04580256407967065 
156.25 0.04527105236780053 
160.0 0.04475764196012744 
163.75 0.04426132733263386 
167.5 0.04378117952409022 
171.25 0.04331633879473524 
175.0 0.04286600812796794 
178.75 0.04242944746291248 
182.5 0.04200596856259328 
186.25 0.04159493043651188 
190.0 0.04119573524816492 
193.75 0.04080782464789928 
197.5 0.04043067647980163 
201.25 0.04006380181833265 
205.0 0.03970674229636253 
208.75 0.03935906769132074 
212.5 0.03902037374048718 
216.25 0.03869028016014152 
220.0 0.03836842884645517 
223.75 0.03805448223873348 
227.5 0.03774812182796639 
231.25 0.03744904679567735 
235.0 0.03715697276982266 
238.75 0.03687163068602372 
242.5 0.03659276574374855 
246.25 0.03632013644822234 
250.0 0.03605351372986561 
253.75 0.03579268013395064 
257.5 0.03553742907395078 
261.25 0.03528756414274797 
265.0 0.03504289847647141 
268.75 0.03480325416627814 
272.5 0.03456846171386238 
276.25 0.03433835952690143 
280.0 0.03411279345102117 
283.75 0.03389161633519663 
287.5 0.0336746876278006 
291.25 0.03346187300077726 
295.0 0.03325304399965523 
298.75 0.03304807771732568 
302.5 0.03284685648970104 
306.25 0.03264926761154065 
310.0 0.03245520307088216 
313.75 0.03226455930065566 
317.5 0.03207723694618183 
321.25 0.03189314064736684 
325.0 0.03171217883450858 
328.75 0.03153426353671991 
332.5 0.03135931020205762 
336.25 0.03118723752852094 
340.0 0.03101796730515162 
343.75 0.03085142426252953 
347.5 0.03068753593201399 
351.25 0.03052623251313261 
355.0 0.03036744674856585 
358.75 0.03021111380621837 
362.5 0.03005717116790725 
366.25 0.02990555852423245 
370.0 0.02975621767522788 
373.75 0.0296090924364211 
377.5 0.0294641285499569 
381.25 0.02932127360046522 
385.0 0.02918047693537716 
388.75 0.02904168958941345 
392.5 0.02890486421298978 
396.25 0.02876995500430099 
