25.0 0.202993092173016 
28.75 0.1951606536102259 
32.5 0.1884789302414818 
36.25 0.1826771457270348 
40.0 0.1775678162393466 
43.75 0.173016129971627 
47.5 0.1689221316429624 
51.25 0.1652098047437445 
55.0 0.1618200893446065 
58.75 0.1587062545396879 
62.5 0.1558307370078834 
66.25 0.1531629240620549 
70.0 0.1506775632978063 
73.75 0.1483535987484068 
77.5 0.1461733039823254 
81.25 0.144121626126392 
85.0 0.1421856824244745 
88.75 0.1403543688982635 
92.5 0.1386180526044947 
96.25 0.1369683270628224 
100.0 0.1353978160001673 
103.75 0.1339000144621406 
107.5 0.132469159119699 
111.25 0.1311001216020397 
115.0 0.1297883201492692 
118.75 0.1285296459588337 
122.5 0.1273204014065818 
126.25 0.1261572479319716 
130.0 0.1250371618403884 
133.75 0.1239573966315283 
137.5 0.122915450738516 
141.25 0.1219090397776072 
145.0 0.1209360725774988 
148.75 0.1199946303911801 
152.5 0.1190829487999451 
156.25 0.1181994019047033 
160.0 0.1173424884686761 
163.75 0.1165108197314611 
167.5 0.1157031086599962 
171.25 0.114918160439264 
175.0 0.1141548640362704 
178.75 0.1134121846962087 
182.5 0.112689157250783 
186.25 0.1119848801362242 
190.0 0.1112985100332254 
193.75 0.1106292570533669 
197.5 0.1099763804070081 
201.25 0.1093391844964251 
205.0 0.1087170153854482 
208.75 0.1081092576032118 
212.5 0.1075153312450678 
216.25 0.1069346893383698 
220.0 0.1063668154448288 
223.75 0.105811221474597 
227.5 0.105267445690202 
231.25 0.1047350508810393 
235.0 0.1042136226913634 
238.75 0.1037027680866663 
242.5 0.1032021139450312 
246.25 0.1027113057615315 
250.0 0.1022300064550465 
253.75 0.1017578952680077 
257.5 0.1012946667505912 
261.25 0.1008400298217584 
265.0 0.1003937069003285 
268.75 0.09995543309995612 
272.5 0.09952495548250265 
276.25 0.09910203236483005 
280.0 0.0986864326745334 
283.75 0.09827793535055679 
287.5 0.09787632878502192 
291.25 0.09748141030294345 
295.0 0.09709298567681068 
298.75 0.09671086867329226 
302.5 0.09633488062956679 
306.25 0.09596485005700486 
310.0 0.09560061227012794 
313.75 0.09524200903894985 
317.5 0.09488888826296903 
321.25 0.09454110366522671 
325.0 0.0941985145049796 
328.75 0.09386098530765487 
332.5 0.09352838561086603 
336.25 0.09320058972536534 
340.0 0.09287747650990091 
343.75 0.09255892915902574 
347.5 0.09224483500298467 
351.25 0.09193508531886599 
355.0 0.09162957515227693 
358.75 0.09132820314884904 
362.5 0.09103087139493772 
366.25 0.09073748526692402 
370.0 0.0904479532885736 
373.75 0.09016218699594411 
377.5 0.08988010080937169 
381.25 0.08960161191209948 
385.0 0.08932664013514245 
388.75 0.08905510784801089 
392.5 0.08878693985494192 
396.25 0.0885220632963116 
