## X [m] Pressure [Pa]
0.0003125 782.929
0.0009375 782.929
0.0015625 782.929
0.0021875 782.929
0.0028125 782.929
0.0034375 782.929
0.0040625 782.929
0.0046875 782.929
0.0053125 782.929
0.0059375 782.929
0.0065625 782.929
0.0071875 782.929
0.0078125 782.929
0.0084375 782.929
0.0090625 782.929
0.0096875 782.929
0.0103125 782.929
0.0109375 782.929
0.0115625 782.929
0.0121875 782.929
0.0128125 782.929
0.0134375 782.929
0.0140625 782.929
0.0146875 782.929
0.0153125 782.929
0.0159375 782.929
0.0165625 782.929
0.0171875 782.929
0.0178125 782.929
0.0184375 782.929
0.0190625 782.929
0.0196875 782.929
0.0203125 782.929
0.0209375 782.929
0.0215625 782.929
0.0221875 782.929
0.0228125 782.929
0.0234375 782.929
0.0240625 782.929
0.0246875 782.929
0.0253125 782.929
0.0259375 782.929
0.0265625 782.929
0.0271875 782.929
0.0278125 782.929
0.0284375 782.929
0.0290625 782.929
0.0296875 782.929
0.0303125 782.929
0.0309375 782.929
0.0315625 782.929
0.0321875 782.929
0.0328125 782.929
0.0334375 782.929
0.0340625 782.929
0.0346875 782.929
0.0353125 782.929
0.0359375 782.929
0.0365625 782.929
0.0371875 782.929
0.0378125 782.929
0.0384375 782.929
0.0390625 782.929
0.0396875 782.929
0.0403125 782.929
0.0409375 782.929
0.0415625 782.929
0.0421875 782.929
0.0428125 782.929
0.0434375 782.929
0.0440625 782.929
0.0446875 782.929
0.0453125 782.929
0.0459375 782.929
0.0465625 782.929
0.0471875 782.929
0.0478125 782.929
0.0484375 782.929
0.0490625 782.929
0.0496875 782.929
0.0503125 782.929
0.0509375 782.929
0.0515625 782.929
0.0521875 782.929
0.0528125 782.929
0.0534375 782.929
0.0540625 782.929
0.0546875 782.929
0.0553125 782.929
0.0559375 782.929
0.0565625 782.929
0.0571875 782.929
0.0578125 782.929
0.0584375 782.929
0.0590625 782.929
0.0596875 782.929
0.0603125 782.929
0.0609375 782.929
0.0615625 782.929
0.0621875 782.929
0.0628125 782.929
0.0634375 782.929
0.0640625 782.929
0.0646875 782.929
0.0653125 782.929
0.0659375 782.929
0.0665625 782.929
0.0671875 782.929
0.0678125 782.929
0.0684375 782.929
0.0690625 782.929
0.0696875 782.929
0.0703125 782.929
0.0709375 782.929
0.0715625 781.891
0.0721875 780.324
0.0728125 778.759
0.0734375 777.198
0.0740625 775.639
0.0746875 774.082
0.0753125 772.529
0.0759375 770.978
0.0765625 769.43
0.0771875 767.884
0.0778125 766.341
0.0784375 764.801
0.0790625 763.263
0.0796875 761.728
0.0803125 760.196
0.0809375 758.666
0.0815625 757.139
0.0821875 755.614
0.0828125 754.093
0.0834375 752.574
0.0840625 751.057
0.0846875 749.543
0.0853125 748.032
0.0859375 747.878
0.0865625 747.878
0.0871875 747.878
0.0878125 747.878
0.0884375 747.878
0.0890625 747.878
0.0896875 747.878
0.0903125 747.878
0.0909375 747.878
0.0915625 747.878
0.0921875 747.878
0.0928125 747.878
0.0934375 747.878
0.0940625 747.878
0.0946875 747.878
0.0953125 747.878
0.0959375 747.878
0.0965625 747.878
0.0971875 747.878
0.0978125 747.878
0.0984375 747.878
0.0990625 747.878
0.0996875 747.878
0.100312 747.878
0.100937 747.878
0.101562 747.878
0.102188 747.878
0.102813 747.878
0.103438 747.878
0.104063 747.878
0.104688 747.878
0.105313 747.878
0.105938 747.878
0.106563 747.878
0.107188 747.878
0.107813 747.878
0.108438 747.878
0.109063 747.878
0.109688 747.878
0.110313 747.878
0.110938 747.878
0.111563 747.878
0.112187 747.878
0.112812 747.878
0.113437 747.878
0.114062 747.878
0.114687 747.878
0.115312 747.878
0.115937 747.878
0.116562 747.878
0.117188 747.878
0.117813 747.878
0.118438 747.878
0.119063 747.878
0.119688 747.878
0.120313 747.878
0.120938 747.878
0.121563 747.878
0.122188 747.878
0.122813 747.878
0.123438 747.878
0.124063 747.878
0.124688 747.878
0.125312 747.878
0.125938 747.878
0.126562 747.878
0.127188 747.878
0.127812 747.878
0.128438 747.878
0.129062 747.878
0.129688 747.878
0.130312 747.878
0.130938 747.878
0.131562 747.878
0.132188 747.878
0.132812 747.878
0.133438 747.878
0.134063 747.878
0.134688 747.878
0.135313 747.878
0.135938 747.878
0.136563 747.878
0.137187 747.878
0.137813 747.878
0.138437 747.878
0.139063 747.878
0.139687 747.878
0.140313 747.878
0.140937 747.878
0.141563 747.878
0.142187 747.878
0.142813 747.878
0.143437 747.878
0.144063 747.878
0.144687 747.878
0.145313 747.878
0.145937 747.878
0.146563 747.878
0.147187 747.878
0.147813 747.878
0.148438 747.878
0.149063 747.878
0.149688 747.878
0.150313 747.878
0.150938 747.878
0.151563 747.878
0.152188 747.878
0.152812 747.878
0.153438 747.878
0.154062 747.878
0.154688 747.878
0.155312 747.878
0.155938 747.878
0.156562 747.878
0.157188 747.878
0.157812 747.878
0.158438 747.878
0.159062 747.878
0.159688 747.878
0.160312 747.878
0.160938 747.878
0.161562 747.878
0.162188 747.878
0.162812 747.878
0.163438 747.878
0.164062 747.878
0.164688 747.878
0.165313 747.878
0.165938 747.878
0.166563 747.878
0.167188 747.878
0.167813 747.878
0.168437 747.878
0.169063 747.878
0.169687 747.878
0.170313 747.878
0.170937 747.878
0.171563 747.878
0.172187 747.878
0.172813 747.878
0.173437 747.878
0.174063 747.878
0.174687 747.878
0.175313 747.878
0.175937 747.878
0.176563 747.878
0.177187 747.878
0.177813 747.878
0.178437 747.878
0.179063 747.878
0.179688 747.878
0.180313 747.878
0.180938 747.878
0.181563 747.878
0.182188 747.878
0.182813 747.878
0.183438 747.878
0.184062 747.878
0.184688 747.878
0.185312 747.878
0.185938 747.878
0.186562 747.878
0.187188 747.878
0.187812 747.878
0.188438 747.878
0.189062 747.878
0.189688 747.878
0.190312 747.878
0.190938 747.878
0.191562 747.878
0.192188 747.878
0.192812 747.878
0.193438 747.878
0.194062 747.878
0.194688 747.878
0.195312 747.878
0.195938 747.878
0.196563 747.878
0.197188 747.878
0.197813 747.878
0.198438 747.878
0.199063 747.878
0.199688 747.878
0.200313 747.878
0.200937 747.878
0.201563 747.878
0.202187 747.878
0.202813 747.878
0.203437 747.878
0.204063 747.878
0.204687 747.878
0.205313 747.878
0.205937 747.878
0.206563 747.878
0.207187 747.878
0.207813 747.878
0.208437 747.878
0.209063 747.878
0.209687 747.878
0.210313 747.878
0.210938 747.878
0.211563 747.878
0.212188 747.878
0.212813 747.878
0.213438 747.878
0.214063 747.878
0.214688 747.878
0.215313 747.878
0.215938 747.878
0.216562 747.878
0.217188 747.878
0.217812 747.878
0.218438 747.878
0.219062 747.878
0.219688 747.878
0.220312 747.878
0.220938 747.878
0.221562 747.878
0.222188 747.878
0.222812 747.878
0.223438 747.878
0.224062 747.878
0.224688 747.878
0.225312 747.878
0.225938 747.878
0.226562 747.878
0.227188 747.878
0.227813 747.878
0.228438 747.878
0.229063 747.878
0.229688 747.878
0.230313 747.878
0.230938 747.878
0.231563 747.878
0.232187 747.878
0.232813 747.878
0.233437 747.878
0.234063 747.878
0.234687 747.878
0.235313 747.878
0.235937 747.878
0.236563 747.878
0.237187 747.878
0.237813 747.878
0.238437 747.878
0.239063 747.878
0.239687 747.878
0.240313 747.878
0.240937 747.878
0.241563 747.878
0.242188 747.878
0.242813 747.878
0.243438 747.878
0.244063 747.878
0.244688 747.878
0.245313 747.878
0.245938 747.878
0.246563 747.878
0.247188 747.878
0.247813 747.878
0.248438 747.878
0.249062 747.878
0.249688 747.878
0.250312 747.878
0.250937 747.878
0.251563 747.878
0.252188 747.878
0.252812 747.878
0.253437 747.878
0.254063 747.878
0.254688 747.878
0.255312 747.878
0.255937 747.878
0.256563 747.878
0.257188 747.878
0.257812 747.878
0.258437 747.878
0.259063 747.878
0.259688 747.878
0.260313 747.878
0.260937 747.878
0.261563 747.878
0.262188 747.878
0.262813 747.878
0.263437 747.878
0.264062 747.878
0.264688 747.878
0.265313 747.878
0.265937 747.878
0.266562 747.878
0.267188 747.878
0.267813 747.878
0.268437 747.878
0.269062 747.878
0.269688 747.878
0.270313 747.878
0.270937 747.878
0.271562 747.878
0.272188 747.878
0.272813 747.878
0.273438 747.878
0.274062 747.878
0.274688 747.878
0.275313 747.878
0.275938 747.878
0.276562 747.878
0.277188 747.878
0.277813 747.878
0.278438 747.878
0.279062 747.878
0.279688 747.878
0.280313 747.878
0.280938 747.878
0.281562 747.878
0.282187 747.878
0.282813 747.878
0.283438 747.878
0.284062 747.878
0.284687 747.878
0.285313 747.878
0.285938 747.878
0.286562 747.878
0.287187 747.878
0.287813 747.878
0.288438 747.878
0.289062 747.878
0.289687 747.878
0.290313 747.878
0.290938 747.878
0.291563 747.878
0.292187 747.878
0.292813 747.878
0.293438 747.878
0.294063 747.878
0.294687 747.878
0.295313 747.878
0.295938 747.878
0.296563 747.878
0.297187 747.878
0.297812 747.878
0.298438 747.878
0.299063 747.878
0.299687 747.878
0.300312 747.878
0.300938 747.878
0.301563 747.878
0.302187 747.878
0.302812 747.878
0.303438 747.878
0.304063 747.878
0.304688 747.878
0.305312 747.878
0.305938 747.878
0.306563 747.878
0.307188 747.878
0.307812 747.878
0.308438 747.878
0.309063 747.878
0.309688 747.878
0.310312 747.878
0.310938 747.878
0.311563 747.878
0.312188 747.878
0.312812 747.878
0.313437 747.878
0.314063 747.878
0.314688 747.878
0.315312 747.878
0.315937 747.878
0.316563 747.878
0.317188 747.878
0.317812 747.878
0.318437 747.878
0.319063 747.878
0.319688 747.878
0.320312 747.878
0.320937 747.878
0.321563 747.878
0.322188 747.878
0.322813 747.878
0.323437 747.878
0.324063 747.878
0.324688 747.878
0.325313 747.878
0.325937 747.878
0.326563 747.878
0.327188 747.878
0.327813 747.878
0.328437 747.878
0.329062 747.878
0.329688 747.878
0.330313 747.878
0.330937 747.878
0.331562 747.878
0.332188 747.878
0.332813 747.878
0.333437 747.878
0.334062 747.878
0.334688 747.878
0.335313 747.878
0.335938 747.878
0.336562 747.878
0.337188 747.878
0.337813 747.878
0.338438 747.878
0.339062 747.878
0.339688 747.878
0.340313 747.878
0.340938 747.878
0.341562 747.878
0.342188 747.878
0.342813 747.878
0.343438 747.878
0.344062 747.878
0.344687 747.878
0.345313 747.878
0.345938 747.878
0.346562 747.878
0.347187 747.878
0.347813 747.878
0.348438 747.878
0.349062 747.878
0.349687 747.878
0.350313 747.878
0.350938 747.878
0.351562 747.878
0.352187 747.878
0.352813 747.878
0.353438 747.878
0.354063 747.878
0.354687 747.878
0.355313 747.878
0.355938 747.878
0.356563 747.878
0.357187 747.878
0.357813 747.878
0.358438 747.878
0.359063 747.878
0.359687 747.878
0.360312 747.878
0.360938 747.878
0.361563 747.878
0.362187 747.878
0.362812 747.878
0.363438 747.878
0.364063 747.878
0.364687 747.878
0.365312 747.878
0.365938 747.878
0.366563 747.878
0.367188 747.878
0.367812 747.878
0.368438 747.878
0.369063 747.878
0.369688 747.878
0.370312 747.878
0.370938 747.878
0.371563 747.878
0.372188 747.878
0.372812 747.878
0.373438 747.878
0.374063 747.878
0.374688 747.878
0.375312 747.878
0.375938 747.878
0.376563 747.878
0.377188 747.878
0.377812 747.878
0.378437 747.878
0.379063 747.878
0.379688 747.878
0.380312 747.878
0.380937 747.878
0.381563 747.878
0.382188 747.878
0.382812 747.878
0.383437 747.878
0.384063 747.878
0.384688 747.878
0.385313 747.878
0.385937 747.878
0.386563 747.878
0.387188 747.878
0.387813 747.878
0.388437 747.878
0.389063 747.878
0.389688 747.878
0.390313 747.878
0.390937 747.878
0.391563 747.878
0.392188 747.878
0.392813 747.878
0.393437 747.878
0.394062 747.878
0.394688 747.878
0.395313 747.878
0.395937 747.878
0.396562 747.878
0.397188 747.878
0.397813 747.878
0.398438 747.878
0.399062 747.878
0.399688 747.878
0.400313 747.878
0.400938 747.878
0.401562 747.878
0.402188 747.878
0.402813 747.878
0.403438 747.878
0.404062 747.878
0.404688 747.878
0.405313 747.878
0.405938 747.878
0.406562 747.878
0.407188 747.878
0.407813 747.878
0.408438 747.878
0.409062 747.878
0.409687 747.878
0.410313 747.878
0.410938 747.878
0.411562 747.878
0.412187 747.878
0.412813 747.878
0.413438 747.878
0.414062 747.878
0.414687 747.878
0.415313 747.878
0.415938 747.878
0.416563 747.878
0.417187 747.878
0.417813 747.878
0.418438 747.878
0.419063 747.878
0.419687 747.878
0.420313 747.878
0.420938 747.878
0.421563 747.878
0.422187 747.878
0.422813 747.878
0.423438 747.878
0.424063 747.878
0.424687 747.878
0.425312 747.878
0.425938 747.878
0.426563 747.878
0.427187 747.878
0.427812 747.878
0.428438 747.878
0.429063 747.878
0.429688 747.878
0.430312 747.878
0.430938 747.878
0.431563 747.878
0.432188 747.878
0.432812 747.878
0.433438 747.878
0.434063 747.878
0.434688 747.878
0.435312 747.878
0.435938 747.878
0.436563 747.878
0.437188 747.878
0.437812 747.878
0.438438 747.878
0.439063 747.878
0.439688 747.878
0.440312 747.878
0.440937 747.878
0.441563 747.878
0.442188 747.878
0.442812 747.878
0.443437 747.878
0.444063 747.878
0.444688 747.878
0.445312 747.878
0.445937 747.878
0.446563 747.878
0.447188 747.878
0.447813 747.878
0.448437 747.878
0.449063 747.878
0.449688 747.878
0.450313 747.878
0.450937 747.878
0.451563 747.878
0.452188 747.878
0.452813 747.878
0.453437 747.878
0.454063 747.878
0.454688 3.15449
0.455313 3.15449
0.455937 3.15449
0.456562 3.15449
0.457188 3.15449
0.457813 3.15449
0.458437 3.15449
0.459062 3.15449
0.459688 3.15449
0.460313 3.15449
0.460938 3.15449
0.461562 3.15449
0.462188 3.15449
0.462813 3.15449
0.463438 3.15449
0.464062 3.15449
0.464688 3.15449
0.465313 3.15449
0.465938 3.15449
0.466562 3.15449
0.467188 3.15449
0.467813 3.15449
0.468438 3.15449
0.469062 3.15449
0.469688 3.15449
0.470313 3.15449
0.470938 3.15449
0.471562 3.15449
0.472187 3.15449
0.472813 3.15449
0.473438 3.15449
0.474062 3.15449
0.474687 3.15449
0.475313 3.15449
0.475938 3.15449
0.476562 3.15449
0.477187 3.15449
0.477813 3.15449
0.478438 3.15449
0.479063 3.15449
0.479687 3.15449
0.480313 3.15449
0.480938 3.15449
0.481563 3.15449
0.482187 3.15449
0.482813 3.15449
0.483438 3.15449
0.484063 3.15449
0.484687 3.15449
0.485313 3.15449
0.485938 3.15449
0.486563 3.15449
0.487187 3.15449
0.487813 3.15449
0.488438 3.15449
0.489063 3.15449
0.489687 3.15449
0.490312 3.15449
0.490938 3.15449
0.491563 3.15449
0.492188 3.15449
0.492812 3.15449
0.493438 3.15449
0.494063 3.15449
0.494688 3.15449
0.495312 3.15449
0.495938 3.15449
0.496563 3.15449
0.497188 3.15449
0.497812 3.15449
0.498438 3.15449
0.499063 3.15449
0.499688 3.15449
