## X [m] Density [kg/m^3]
0.0003125 0.126119
0.0009375 0.126119
0.0015625 0.126119
0.0021875 0.126119
0.0028125 0.126119
0.0034375 0.126119
0.0040625 0.126119
0.0046875 0.126119
0.0053125 0.126119
0.0059375 0.126119
0.0065625 0.126119
0.0071875 0.126119
0.0078125 0.126119
0.0084375 0.126119
0.0090625 0.126119
0.0096875 0.126119
0.0103125 0.126119
0.0109375 0.126119
0.0115625 0.126119
0.0121875 0.126119
0.0128125 0.126119
0.0134375 0.126119
0.0140625 0.126119
0.0146875 0.126119
0.0153125 0.126119
0.0159375 0.126119
0.0165625 0.126119
0.0171875 0.126119
0.0178125 0.126119
0.0184375 0.126119
0.0190625 0.126119
0.0196875 0.126119
0.0203125 0.126119
0.0209375 0.126119
0.0215625 0.126119
0.0221875 0.126119
0.0228125 0.126119
0.0234375 0.126119
0.0240625 0.126119
0.0246875 0.126119
0.0253125 0.126119
0.0259375 0.126119
0.0265625 0.126119
0.0271875 0.126119
0.0278125 0.126119
0.0284375 0.126119
0.0290625 0.126119
0.0296875 0.126119
0.0303125 0.126119
0.0309375 0.126119
0.0315625 0.126119
0.0321875 0.126119
0.0328125 0.126119
0.0334375 0.126119
0.0340625 0.126119
0.0346875 0.126119
0.0353125 0.126119
0.0359375 0.126119
0.0365625 0.126119
0.0371875 0.126119
0.0378125 0.126119
0.0384375 0.126119
0.0390625 0.126119
0.0396875 0.126119
0.0403125 0.126119
0.0409375 0.126119
0.0415625 0.126119
0.0421875 0.126119
0.0428125 0.126119
0.0434375 0.126119
0.0440625 0.126119
0.0446875 0.126119
0.0453125 0.126119
0.0459375 0.126119
0.0465625 0.126119
0.0471875 0.126119
0.0478125 0.126119
0.0484375 0.126119
0.0490625 0.126119
0.0496875 0.126119
0.0503125 0.126119
0.0509375 0.126119
0.0515625 0.126119
0.0521875 0.126119
0.0528125 0.126119
0.0534375 0.126119
0.0540625 0.126119
0.0546875 0.126119
0.0553125 0.126119
0.0559375 0.126119
0.0565625 0.126119
0.0571875 0.126119
0.0578125 0.126119
0.0584375 0.126119
0.0590625 0.126119
0.0596875 0.126119
0.0603125 0.126119
0.0609375 0.126119
0.0615625 0.126119
0.0621875 0.126119
0.0628125 0.126119
0.0634375 0.126119
0.0640625 0.126119
0.0646875 0.126119
0.0653125 0.126119
0.0659375 0.126119
0.0665625 0.126119
0.0671875 0.126119
0.0678125 0.126119
0.0684375 0.126119
0.0690625 0.126119
0.0696875 0.126119
0.0703125 0.126119
0.0709375 0.126119
0.0715625 0.126
0.0721875 0.125819
0.0728125 0.125639
0.0734375 0.125459
0.0740625 0.125279
0.0746875 0.1251
0.0753125 0.12492
0.0759375 0.124741
0.0765625 0.124562
0.0771875 0.124383
0.0778125 0.124205
0.0784375 0.124026
0.0790625 0.123848
0.0796875 0.12367
0.0803125 0.123492
0.0809375 0.123315
0.0815625 0.123138
0.0821875 0.12296
0.0828125 0.122784
0.0834375 0.122607
0.0840625 0.12243
0.0846875 0.122254
0.0853125 0.122078
0.0859375 0.12206
0.0865625 0.12206
0.0871875 0.12206
0.0878125 0.12206
0.0884375 0.12206
0.0890625 0.12206
0.0896875 0.12206
0.0903125 0.12206
0.0909375 0.12206
0.0915625 0.12206
0.0921875 0.12206
0.0928125 0.12206
0.0934375 0.12206
0.0940625 0.12206
0.0946875 0.12206
0.0953125 0.12206
0.0959375 0.12206
0.0965625 0.12206
0.0971875 0.12206
0.0978125 0.12206
0.0984375 0.12206
0.0990625 0.12206
0.0996875 0.12206
0.100312 0.12206
0.100937 0.12206
0.101562 0.12206
0.102188 0.12206
0.102813 0.12206
0.103438 0.12206
0.104063 0.12206
0.104688 0.12206
0.105313 0.12206
0.105938 0.12206
0.106563 0.12206
0.107188 0.12206
0.107813 0.12206
0.108438 0.12206
0.109063 0.12206
0.109688 0.12206
0.110313 0.12206
0.110938 0.12206
0.111563 0.12206
0.112187 0.12206
0.112812 0.12206
0.113437 0.12206
0.114062 0.12206
0.114687 0.12206
0.115312 0.12206
0.115937 0.12206
0.116562 0.12206
0.117188 0.12206
0.117813 0.12206
0.118438 0.12206
0.119063 0.12206
0.119688 0.12206
0.120313 0.12206
0.120938 0.12206
0.121563 0.12206
0.122188 0.12206
0.122813 0.12206
0.123438 0.12206
0.124063 0.12206
0.124688 0.12206
0.125312 0.12206
0.125938 0.12206
0.126562 0.12206
0.127188 0.12206
0.127812 0.12206
0.128438 0.12206
0.129062 0.12206
0.129688 0.12206
0.130312 0.12206
0.130938 0.12206
0.131562 0.12206
0.132188 0.12206
0.132812 0.12206
0.133438 0.12206
0.134063 0.12206
0.134688 0.12206
0.135313 0.12206
0.135938 0.12206
0.136563 0.12206
0.137187 0.12206
0.137813 0.12206
0.138437 0.12206
0.139063 0.12206
0.139687 0.12206
0.140313 0.12206
0.140937 0.12206
0.141563 0.12206
0.142187 0.12206
0.142813 0.12206
0.143437 0.12206
0.144063 0.12206
0.144687 0.12206
0.145313 0.12206
0.145937 0.12206
0.146563 0.12206
0.147187 0.12206
0.147813 0.12206
0.148438 0.12206
0.149063 0.12206
0.149688 0.12206
0.150313 0.12206
0.150938 0.12206
0.151563 0.12206
0.152188 0.12206
0.152812 0.12206
0.153438 0.12206
0.154062 0.12206
0.154688 0.12206
0.155312 0.12206
0.155938 0.12206
0.156562 0.12206
0.157188 0.12206
0.157812 0.12206
0.158438 0.12206
0.159062 0.12206
0.159688 0.12206
0.160312 0.12206
0.160938 0.12206
0.161562 0.12206
0.162188 0.12206
0.162812 0.12206
0.163438 0.12206
0.164062 0.12206
0.164688 0.12206
0.165313 0.12206
0.165938 0.12206
0.166563 0.12206
0.167188 0.12206
0.167813 0.12206
0.168437 0.12206
0.169063 0.12206
0.169687 0.12206
0.170313 0.12206
0.170937 0.12206
0.171563 0.12206
0.172187 0.12206
0.172813 0.12206
0.173437 0.12206
0.174063 0.12206
0.174687 0.12206
0.175313 0.12206
0.175937 0.12206
0.176563 0.12206
0.177187 0.12206
0.177813 0.12206
0.178437 0.12206
0.179063 0.12206
0.179688 0.12206
0.180313 0.12206
0.180938 0.12206
0.181563 0.12206
0.182188 0.12206
0.182813 0.12206
0.183438 0.12206
0.184062 0.12206
0.184688 0.12206
0.185312 0.12206
0.185938 0.12206
0.186562 0.12206
0.187188 0.12206
0.187812 0.12206
0.188438 0.12206
0.189062 0.12206
0.189688 0.12206
0.190312 0.12206
0.190938 0.12206
0.191562 0.12206
0.192188 0.12206
0.192812 0.12206
0.193438 0.12206
0.194062 0.12206
0.194688 0.12206
0.195312 0.12206
0.195938 0.12206
0.196563 0.12206
0.197188 0.12206
0.197813 0.12206
0.198438 0.12206
0.199063 0.12206
0.199688 0.12206
0.200313 0.12206
0.200937 0.12206
0.201563 0.12206
0.202187 0.12206
0.202813 0.12206
0.203437 0.12206
0.204063 0.12206
0.204687 0.12206
0.205313 0.12206
0.205937 0.12206
0.206563 0.12206
0.207187 0.12206
0.207813 0.12206
0.208437 0.12206
0.209063 0.12206
0.209687 0.12206
0.210313 0.12206
0.210938 0.12206
0.211563 0.12206
0.212188 0.12206
0.212813 0.12206
0.213438 0.12206
0.214063 0.12206
0.214688 0.12206
0.215313 0.12206
0.215938 0.12206
0.216562 0.12206
0.217188 0.12206
0.217812 0.12206
0.218438 0.12206
0.219062 0.12206
0.219688 0.12206
0.220312 0.12206
0.220938 0.12206
0.221562 0.12206
0.222188 0.12206
0.222812 0.12206
0.223438 0.12206
0.224062 0.12206
0.224688 0.12206
0.225312 0.12206
0.225938 0.12206
0.226562 0.12206
0.227188 0.12206
0.227813 0.12206
0.228438 0.12206
0.229063 0.12206
0.229688 0.12206
0.230313 0.12206
0.230938 0.12206
0.231563 0.12206
0.232187 0.12206
0.232813 0.12206
0.233437 0.12206
0.234063 0.12206
0.234687 0.12206
0.235313 0.12206
0.235937 0.12206
0.236563 0.12206
0.237187 0.12206
0.237813 0.12206
0.238437 0.12206
0.239063 0.12206
0.239687 0.12206
0.240313 0.12206
0.240937 0.12206
0.241563 0.12206
0.242188 0.12206
0.242813 0.12206
0.243438 0.12206
0.244063 0.12206
0.244688 0.12206
0.245313 0.12206
0.245938 0.12206
0.246563 0.12206
0.247188 0.12206
0.247813 0.12206
0.248438 0.12206
0.249062 0.12206
0.249688 0.12206
0.250312 0.12206
0.250937 0.12206
0.251563 0.12206
0.252188 0.12206
0.252812 0.12206
0.253437 0.12206
0.254063 0.12206
0.254688 0.12206
0.255312 0.12206
0.255937 0.12206
0.256563 0.12206
0.257188 0.12206
0.257812 0.12206
0.258437 0.12206
0.259063 0.12206
0.259688 0.12206
0.260313 0.12206
0.260937 0.12206
0.261563 0.12206
0.262188 0.12206
0.262813 0.12206
0.263437 0.12206
0.264062 0.12206
0.264688 0.12206
0.265313 0.12206
0.265937 0.12206
0.266562 0.12206
0.267188 0.12206
0.267813 0.12206
0.268437 0.12206
0.269062 0.12206
0.269688 0.12206
0.270313 0.12206
0.270937 0.12206
0.271562 0.12206
0.272188 0.12206
0.272813 0.12206
0.273438 0.12206
0.274062 0.12206
0.274688 0.12206
0.275313 0.12206
0.275938 0.12206
0.276562 0.12206
0.277188 0.12206
0.277813 0.12206
0.278438 0.12206
0.279062 0.12206
0.279688 0.12206
0.280313 0.12206
0.280938 0.12206
0.281562 0.12206
0.282187 0.12206
0.282813 0.12206
0.283438 0.12206
0.284062 0.12206
0.284687 0.12206
0.285313 0.12206
0.285938 0.12206
0.286562 0.12206
0.287187 0.12206
0.287813 0.12206
0.288438 0.12206
0.289062 0.12206
0.289687 0.12206
0.290313 0.12206
0.290938 0.12206
0.291563 0.12206
0.292187 0.12206
0.292813 0.12206
0.293438 0.12206
0.294063 0.12206
0.294687 0.12206
0.295313 0.12206
0.295938 0.12206
0.296563 0.12206
0.297187 0.12206
0.297812 0.12206
0.298438 0.12206
0.299063 0.12206
0.299687 0.12206
0.300312 0.12206
0.300938 0.12206
0.301563 0.12206
0.302187 0.12206
0.302812 0.12206
0.303438 0.12206
0.304063 0.12206
0.304688 0.12206
0.305312 0.12206
0.305938 0.12206
0.306563 0.12206
0.307188 0.12206
0.307812 0.12206
0.308438 0.12206
0.309063 0.12206
0.309688 0.12206
0.310312 0.12206
0.310938 0.12206
0.311563 0.12206
0.312188 0.12206
0.312812 0.12206
0.313437 0.12206
0.314063 0.12206
0.314688 0.12206
0.315312 0.12206
0.315937 0.12206
0.316563 0.12206
0.317188 0.12206
0.317812 0.12206
0.318437 0.12206
0.319063 0.12206
0.319688 0.12206
0.320312 0.12206
0.320937 0.12206
0.321563 0.12206
0.322188 0.12206
0.322813 0.12206
0.323437 0.12206
0.324063 0.12206
0.324688 0.12206
0.325313 0.12206
0.325937 0.12206
0.326563 0.12206
0.327188 0.12206
0.327813 0.12206
0.328437 0.12206
0.329062 0.12206
0.329688 0.12206
0.330313 0.12206
0.330937 0.12206
0.331562 0.12206
0.332188 0.12206
0.332813 0.12206
0.333437 0.12206
0.334062 0.12206
0.334688 0.12206
0.335313 0.12206
0.335938 0.12206
0.336562 0.12206
0.337188 0.12206
0.337813 0.12206
0.338438 0.12206
0.339062 0.12206
0.339688 0.12206
0.340313 0.12206
0.340938 0.12206
0.341562 0.12206
0.342188 0.12206
0.342813 0.12206
0.343438 0.12206
0.344062 0.12206
0.344687 0.12206
0.345313 0.12206
0.345938 0.12206
0.346562 0.12206
0.347187 0.12206
0.347813 0.12206
0.348438 0.12206
0.349062 0.12206
0.349687 0.12206
0.350313 0.12206
0.350938 0.12206
0.351562 0.12206
0.352187 0.12206
0.352813 0.12206
0.353438 0.12206
0.354063 0.12206
0.354687 0.12206
0.355313 0.12206
0.355938 0.12206
0.356563 0.12206
0.357187 0.12206
0.357813 0.12206
0.358438 0.12206
0.359063 0.12206
0.359687 0.12206
0.360312 0.12206
0.360938 0.12206
0.361563 0.12206
0.362187 0.12206
0.362812 0.12206
0.363438 0.12206
0.364063 0.12206
0.364687 0.12206
0.365312 0.12206
0.365938 0.12206
0.366563 0.12206
0.367188 0.12206
0.367812 0.12206
0.368438 0.12206
0.369063 0.12206
0.369688 0.12206
0.370312 0.12206
0.370938 0.12206
0.371563 0.12206
0.372188 0.12206
0.372812 0.12206
0.373438 0.12206
0.374063 0.12206
0.374688 0.12206
0.375312 0.12206
0.375938 0.12206
0.376563 0.12206
0.377188 0.12206
0.377812 0.12206
0.378437 0.12206
0.379063 0.12206
0.379688 0.12206
0.380312 0.12206
0.380937 0.12206
0.381563 0.12206
0.382188 0.12206
0.382812 0.12206
0.383437 0.12206
0.384063 0.12206
0.384688 0.12206
0.385313 0.12206
0.385937 0.12206
0.386563 0.12206
0.387188 0.12206
0.387813 0.12206
0.388437 0.12206
0.389063 0.12206
0.389688 0.12206
0.390313 0.12206
0.390937 0.12206
0.391563 0.12206
0.392188 0.12206
0.392813 0.12206
0.393437 0.12206
0.394062 0.12206
0.394688 0.12206
0.395313 0.12206
0.395937 0.12206
0.396562 0.12206
0.397188 0.12206
0.397813 0.12206
0.398438 0.12206
0.399062 0.12206
0.399688 0.12206
0.400313 0.12206
0.400938 0.12206
0.401562 0.12206
0.402188 0.12206
0.402813 0.12206
0.403438 0.12206
0.404062 0.12206
0.404688 0.12206
0.405313 0.12206
0.405938 0.12206
0.406562 0.12206
0.407188 0.12206
0.407813 0.12206
0.408438 0.12206
0.409062 0.12206
0.409687 0.12206
0.410313 0.12206
0.410938 0.12206
0.411562 0.12206
0.412187 0.12206
0.412813 0.12206
0.413438 0.12206
0.414062 0.12206
0.414687 0.12206
0.415313 0.12206
0.415938 0.12206
0.416563 0.12206
0.417187 0.12206
0.417813 0.12206
0.418438 0.12206
0.419063 0.12206
0.419687 0.12206
0.420313 0.12206
0.420938 0.12206
0.421563 0.12206
0.422187 0.12206
0.422813 0.12206
0.423438 0.12206
0.424063 0.12206
0.424687 0.12206
0.425312 0.12206
0.425938 0.12206
0.426563 0.12206
0.427187 0.12206
0.427812 0.12206
0.428438 0.12206
0.429063 0.12206
0.429688 0.12206
0.430312 0.12206
0.430938 0.12206
0.431563 0.12206
0.432188 0.12206
0.432812 0.12206
0.433438 0.12206
0.434063 0.12206
0.434688 0.12206
0.435312 0.12206
0.435938 0.12206
0.436563 0.12206
0.437188 0.12206
0.437812 0.12206
0.438438 0.12206
0.439063 0.12206
0.439688 0.12206
0.440312 0.12206
0.440937 0.12206
0.441563 0.12206
0.442188 0.12206
0.442812 0.12206
0.443437 0.12206
0.444063 0.12206
0.444688 0.12206
0.445312 0.12206
0.445937 0.12206
0.446563 0.12206
0.447188 38.5999
0.447813 38.5999
0.448437 38.5999
0.449063 38.5999
0.449688 38.5999
0.450313 38.5999
0.450937 38.5999
0.451563 38.5999
0.452188 38.5999
0.452813 38.5999
0.453437 38.5999
0.454063 38.5999
0.454688 6.59149
0.455313 6.59149
0.455937 6.59149
0.456562 6.59149
0.457188 6.59149
0.457813 6.59149
0.458437 6.59149
0.459062 6.59149
0.459688 6.59149
0.460313 6.59149
0.460938 6.59149
0.461562 6.59149
0.462188 6.59149
0.462813 6.59149
0.463438 6.59149
0.464062 6.59149
0.464688 6.59149
0.465313 6.59149
0.465938 6.59149
0.466562 6.59149
0.467188 6.59149
0.467813 6.59149
0.468438 6.59149
0.469062 6.59149
0.469688 6.59149
0.470313 6.59149
0.470938 6.59149
0.471562 6.59149
0.472187 6.59149
0.472813 6.59149
0.473438 6.59149
0.474062 6.59149
0.474687 6.59149
0.475313 6.59149
0.475938 6.59149
0.476562 6.59149
0.477187 6.59149
0.477813 6.59149
0.478438 6.59149
0.479063 6.59149
0.479687 6.59149
0.480313 6.59149
0.480938 6.59149
0.481563 6.59149
0.482187 6.59149
0.482813 6.59149
0.483438 6.59149
0.484063 6.59149
0.484687 6.59149
0.485313 6.59149
0.485938 6.59149
0.486563 6.59149
0.487187 6.59149
0.487813 6.59149
0.488438 6.59149
0.489063 6.59149
0.489687 6.59149
0.490312 6.59149
0.490938 6.59149
0.491563 6.59149
0.492188 6.59149
0.492812 6.59149
0.493438 6.59149
0.494063 6.59149
0.494688 6.59149
0.495312 6.59149
0.495938 6.59149
0.496563 6.59149
0.497188 6.59149
0.497812 6.59149
0.498438 6.59149
0.499063 6.59149
0.499688 6.59149
