## X [m] Internal-energy [J]
0.0003125 15519.6
0.0009375 15519.6
0.0015625 15519.6
0.0021875 15519.6
0.0028125 15519.6
0.0034375 15519.6
0.0040625 15519.6
0.0046875 15519.6
0.0053125 15519.6
0.0059375 15519.6
0.0065625 15519.6
0.0071875 15519.6
0.0078125 15519.6
0.0084375 15519.6
0.0090625 15519.6
0.0096875 15519.6
0.0103125 15519.6
0.0109375 15519.6
0.0115625 15519.6
0.0121875 15519.6
0.0128125 15519.6
0.0134375 15519.6
0.0140625 15519.6
0.0146875 15519.6
0.0153125 15519.6
0.0159375 15519.6
0.0165625 15519.6
0.0171875 15519.6
0.0178125 15519.6
0.0184375 15519.6
0.0190625 15519.6
0.0196875 15519.6
0.0203125 15519.6
0.0209375 15519.6
0.0215625 15519.6
0.0221875 15519.6
0.0228125 15519.6
0.0234375 15519.6
0.0240625 15519.6
0.0246875 15519.6
0.0253125 15519.6
0.0259375 15519.6
0.0265625 15519.6
0.0271875 15519.6
0.0278125 15519.6
0.0284375 15519.6
0.0290625 15519.6
0.0296875 15519.6
0.0303125 15519.6
0.0309375 15519.6
0.0315625 15519.6
0.0321875 15519.6
0.0328125 15519.6
0.0334375 15519.6
0.0340625 15519.6
0.0346875 15519.6
0.0353125 15519.6
0.0359375 15519.6
0.0365625 15519.6
0.0371875 15519.6
0.0378125 15519.6
0.0384375 15519.6
0.0390625 15519.6
0.0396875 15519.6
0.0403125 15519.6
0.0409375 15519.6
0.0415625 15519.6
0.0421875 15519.6
0.0428125 15519.6
0.0434375 15519.6
0.0440625 15519.6
0.0446875 15519.6
0.0453125 15519.6
0.0459375 15519.6
0.0465625 15519.6
0.0471875 15519.6
0.0478125 15519.6
0.0484375 15519.6
0.0490625 15519.6
0.0496875 15519.6
0.0503125 15519.6
0.0509375 15519.6
0.0515625 15519.6
0.0521875 15519.6
0.0528125 15519.6
0.0534375 15519.6
0.0540625 15519.6
0.0546875 15519.6
0.0553125 15519.6
0.0559375 15519.6
0.0565625 15519.6
0.0571875 15519.6
0.0578125 15519.6
0.0584375 15519.6
0.0590625 15519.6
0.0596875 15519.6
0.0603125 15519.6
0.0609375 15519.6
0.0615625 15519.6
0.0621875 15519.6
0.0628125 15519.6
0.0634375 15519.6
0.0640625 15519.6
0.0646875 15519.6
0.0653125 15519.6
0.0659375 15519.6
0.0665625 15519.6
0.0671875 15519.6
0.0678125 15519.6
0.0684375 15519.6
0.0690625 15519.6
0.0696875 15519.6
0.0703125 15519.6
0.0709375 15519.6
0.0715625 15513.7
0.0721875 15504.9
0.0728125 15496
0.0734375 15487.1
0.0740625 15478.2
0.0746875 15469.3
0.0753125 15460.4
0.0759375 15451.6
0.0765625 15442.7
0.0771875 15433.8
0.0778125 15425
0.0784375 15416.1
0.0790625 15407.2
0.0796875 15398.4
0.0803125 15389.5
0.0809375 15380.7
0.0815625 15371.8
0.0821875 15363
0.0828125 15354.1
0.0834375 15345.3
0.0840625 15336.4
0.0846875 15327.6
0.0853125 15318.8
0.0859375 15317.8
0.0865625 15317.8
0.0871875 15317.8
0.0878125 15317.8
0.0884375 15317.8
0.0890625 15317.8
0.0896875 15317.8
0.0903125 15317.8
0.0909375 15317.8
0.0915625 15317.8
0.0921875 15317.8
0.0928125 15317.8
0.0934375 15317.8
0.0940625 15317.8
0.0946875 15317.8
0.0953125 15317.8
0.0959375 15317.8
0.0965625 15317.8
0.0971875 15317.8
0.0978125 15317.8
0.0984375 15317.8
0.0990625 15317.8
0.0996875 15317.8
0.100312 15317.8
0.100937 15317.8
0.101562 15317.8
0.102188 15317.8
0.102813 15317.8
0.103438 15317.8
0.104063 15317.8
0.104688 15317.8
0.105313 15317.8
0.105938 15317.8
0.106563 15317.8
0.107188 15317.8
0.107813 15317.8
0.108438 15317.8
0.109063 15317.8
0.109688 15317.8
0.110313 15317.8
0.110938 15317.8
0.111563 15317.8
0.112187 15317.8
0.112812 15317.8
0.113437 15317.8
0.114062 15317.8
0.114687 15317.8
0.115312 15317.8
0.115937 15317.8
0.116562 15317.8
0.117188 15317.8
0.117813 15317.8
0.118438 15317.8
0.119063 15317.8
0.119688 15317.8
0.120313 15317.8
0.120938 15317.8
0.121563 15317.8
0.122188 15317.8
0.122813 15317.8
0.123438 15317.8
0.124063 15317.8
0.124688 15317.8
0.125312 15317.8
0.125938 15317.8
0.126562 15317.8
0.127188 15317.8
0.127812 15317.8
0.128438 15317.8
0.129062 15317.8
0.129688 15317.8
0.130312 15317.8
0.130938 15317.8
0.131562 15317.8
0.132188 15317.8
0.132812 15317.8
0.133438 15317.8
0.134063 15317.8
0.134688 15317.8
0.135313 15317.8
0.135938 15317.8
0.136563 15317.8
0.137187 15317.8
0.137813 15317.8
0.138437 15317.8
0.139063 15317.8
0.139687 15317.8
0.140313 15317.8
0.140937 15317.8
0.141563 15317.8
0.142187 15317.8
0.142813 15317.8
0.143437 15317.8
0.144063 15317.8
0.144687 15317.8
0.145313 15317.8
0.145937 15317.8
0.146563 15317.8
0.147187 15317.8
0.147813 15317.8
0.148438 15317.8
0.149063 15317.8
0.149688 15317.8
0.150313 15317.8
0.150938 15317.8
0.151563 15317.8
0.152188 15317.8
0.152812 15317.8
0.153438 15317.8
0.154062 15317.8
0.154688 15317.8
0.155312 15317.8
0.155938 15317.8
0.156562 15317.8
0.157188 15317.8
0.157812 15317.8
0.158438 15317.8
0.159062 15317.8
0.159688 15317.8
0.160312 15317.8
0.160938 15317.8
0.161562 15317.8
0.162188 15317.8
0.162812 15317.8
0.163438 15317.8
0.164062 15317.8
0.164688 15317.8
0.165313 15317.8
0.165938 15317.8
0.166563 15317.8
0.167188 15317.8
0.167813 15317.8
0.168437 15317.8
0.169063 15317.8
0.169687 15317.8
0.170313 15317.8
0.170937 15317.8
0.171563 15317.8
0.172187 15317.8
0.172813 15317.8
0.173437 15317.8
0.174063 15317.8
0.174687 15317.8
0.175313 15317.8
0.175937 15317.8
0.176563 15317.8
0.177187 15317.8
0.177813 15317.8
0.178437 15317.8
0.179063 15317.8
0.179688 15317.8
0.180313 15317.8
0.180938 15317.8
0.181563 15317.8
0.182188 15317.8
0.182813 15317.8
0.183438 15317.8
0.184062 15317.8
0.184688 15317.8
0.185312 15317.8
0.185938 15317.8
0.186562 15317.8
0.187188 15317.8
0.187812 15317.8
0.188438 15317.8
0.189062 15317.8
0.189688 15317.8
0.190312 15317.8
0.190938 15317.8
0.191562 15317.8
0.192188 15317.8
0.192812 15317.8
0.193438 15317.8
0.194062 15317.8
0.194688 15317.8
0.195312 15317.8
0.195938 15317.8
0.196563 15317.8
0.197188 15317.8
0.197813 15317.8
0.198438 15317.8
0.199063 15317.8
0.199688 15317.8
0.200313 15317.8
0.200937 15317.8
0.201563 15317.8
0.202187 15317.8
0.202813 15317.8
0.203437 15317.8
0.204063 15317.8
0.204687 15317.8
0.205313 15317.8
0.205937 15317.8
0.206563 15317.8
0.207187 15317.8
0.207813 15317.8
0.208437 15317.8
0.209063 15317.8
0.209687 15317.8
0.210313 15317.8
0.210938 15317.8
0.211563 15317.8
0.212188 15317.8
0.212813 15317.8
0.213438 15317.8
0.214063 15317.8
0.214688 15317.8
0.215313 15317.8
0.215938 15317.8
0.216562 15317.8
0.217188 15317.8
0.217812 15317.8
0.218438 15317.8
0.219062 15317.8
0.219688 15317.8
0.220312 15317.8
0.220938 15317.8
0.221562 15317.8
0.222188 15317.8
0.222812 15317.8
0.223438 15317.8
0.224062 15317.8
0.224688 15317.8
0.225312 15317.8
0.225938 15317.8
0.226562 15317.8
0.227188 15317.8
0.227813 15317.8
0.228438 15317.8
0.229063 15317.8
0.229688 15317.8
0.230313 15317.8
0.230938 15317.8
0.231563 15317.8
0.232187 15317.8
0.232813 15317.8
0.233437 15317.8
0.234063 15317.8
0.234687 15317.8
0.235313 15317.8
0.235937 15317.8
0.236563 15317.8
0.237187 15317.8
0.237813 15317.8
0.238437 15317.8
0.239063 15317.8
0.239687 15317.8
0.240313 15317.8
0.240937 15317.8
0.241563 15317.8
0.242188 15317.8
0.242813 15317.8
0.243438 15317.8
0.244063 15317.8
0.244688 15317.8
0.245313 15317.8
0.245938 15317.8
0.246563 15317.8
0.247188 15317.8
0.247813 15317.8
0.248438 15317.8
0.249062 15317.8
0.249688 15317.8
0.250312 15317.8
0.250937 15317.8
0.251563 15317.8
0.252188 15317.8
0.252812 15317.8
0.253437 15317.8
0.254063 15317.8
0.254688 15317.8
0.255312 15317.8
0.255937 15317.8
0.256563 15317.8
0.257188 15317.8
0.257812 15317.8
0.258437 15317.8
0.259063 15317.8
0.259688 15317.8
0.260313 15317.8
0.260937 15317.8
0.261563 15317.8
0.262188 15317.8
0.262813 15317.8
0.263437 15317.8
0.264062 15317.8
0.264688 15317.8
0.265313 15317.8
0.265937 15317.8
0.266562 15317.8
0.267188 15317.8
0.267813 15317.8
0.268437 15317.8
0.269062 15317.8
0.269688 15317.8
0.270313 15317.8
0.270937 15317.8
0.271562 15317.8
0.272188 15317.8
0.272813 15317.8
0.273438 15317.8
0.274062 15317.8
0.274688 15317.8
0.275313 15317.8
0.275938 15317.8
0.276562 15317.8
0.277188 15317.8
0.277813 15317.8
0.278438 15317.8
0.279062 15317.8
0.279688 15317.8
0.280313 15317.8
0.280938 15317.8
0.281562 15317.8
0.282187 15317.8
0.282813 15317.8
0.283438 15317.8
0.284062 15317.8
0.284687 15317.8
0.285313 15317.8
0.285938 15317.8
0.286562 15317.8
0.287187 15317.8
0.287813 15317.8
0.288438 15317.8
0.289062 15317.8
0.289687 15317.8
0.290313 15317.8
0.290938 15317.8
0.291563 15317.8
0.292187 15317.8
0.292813 15317.8
0.293438 15317.8
0.294063 15317.8
0.294687 15317.8
0.295313 15317.8
0.295938 15317.8
0.296563 15317.8
0.297187 15317.8
0.297812 15317.8
0.298438 15317.8
0.299063 15317.8
0.299687 15317.8
0.300312 15317.8
0.300938 15317.8
0.301563 15317.8
0.302187 15317.8
0.302812 15317.8
0.303438 15317.8
0.304063 15317.8
0.304688 15317.8
0.305312 15317.8
0.305938 15317.8
0.306563 15317.8
0.307188 15317.8
0.307812 15317.8
0.308438 15317.8
0.309063 15317.8
0.309688 15317.8
0.310312 15317.8
0.310938 15317.8
0.311563 15317.8
0.312188 15317.8
0.312812 15317.8
0.313437 15317.8
0.314063 15317.8
0.314688 15317.8
0.315312 15317.8
0.315937 15317.8
0.316563 15317.8
0.317188 15317.8
0.317812 15317.8
0.318437 15317.8
0.319063 15317.8
0.319688 15317.8
0.320312 15317.8
0.320937 15317.8
0.321563 15317.8
0.322188 15317.8
0.322813 15317.8
0.323437 15317.8
0.324063 15317.8
0.324688 15317.8
0.325313 15317.8
0.325937 15317.8
0.326563 15317.8
0.327188 15317.8
0.327813 15317.8
0.328437 15317.8
0.329062 15317.8
0.329688 15317.8
0.330313 15317.8
0.330937 15317.8
0.331562 15317.8
0.332188 15317.8
0.332813 15317.8
0.333437 15317.8
0.334062 15317.8
0.334688 15317.8
0.335313 15317.8
0.335938 15317.8
0.336562 15317.8
0.337188 15317.8
0.337813 15317.8
0.338438 15317.8
0.339062 15317.8
0.339688 15317.8
0.340313 15317.8
0.340938 15317.8
0.341562 15317.8
0.342188 15317.8
0.342813 15317.8
0.343438 15317.8
0.344062 15317.8
0.344687 15317.8
0.345313 15317.8
0.345938 15317.8
0.346562 15317.8
0.347187 15317.8
0.347813 15317.8
0.348438 15317.8
0.349062 15317.8
0.349687 15317.8
0.350313 15317.8
0.350938 15317.8
0.351562 15317.8
0.352187 15317.8
0.352813 15317.8
0.353438 15317.8
0.354063 15317.8
0.354687 15317.8
0.355313 15317.8
0.355938 15317.8
0.356563 15317.8
0.357187 15317.8
0.357813 15317.8
0.358438 15317.8
0.359063 15317.8
0.359687 15317.8
0.360312 15317.8
0.360938 15317.8
0.361563 15317.8
0.362187 15317.8
0.362812 15317.8
0.363438 15317.8
0.364063 15317.8
0.364687 15317.8
0.365312 15317.8
0.365938 15317.8
0.366563 15317.8
0.367188 15317.8
0.367812 15317.8
0.368438 15317.8
0.369063 15317.8
0.369688 15317.8
0.370312 15317.8
0.370938 15317.8
0.371563 15317.8
0.372188 15317.8
0.372812 15317.8
0.373438 15317.8
0.374063 15317.8
0.374688 15317.8
0.375312 15317.8
0.375938 15317.8
0.376563 15317.8
0.377188 15317.8
0.377812 15317.8
0.378437 15317.8
0.379063 15317.8
0.379688 15317.8
0.380312 15317.8
0.380937 15317.8
0.381563 15317.8
0.382188 15317.8
0.382812 15317.8
0.383437 15317.8
0.384063 15317.8
0.384688 15317.8
0.385313 15317.8
0.385937 15317.8
0.386563 15317.8
0.387188 15317.8
0.387813 15317.8
0.388437 15317.8
0.389063 15317.8
0.389688 15317.8
0.390313 15317.8
0.390937 15317.8
0.391563 15317.8
0.392188 15317.8
0.392813 15317.8
0.393437 15317.8
0.394062 15317.8
0.394688 15317.8
0.395313 15317.8
0.395937 15317.8
0.396562 15317.8
0.397188 15317.8
0.397813 15317.8
0.398438 15317.8
0.399062 15317.8
0.399688 15317.8
0.400313 15317.8
0.400938 15317.8
0.401562 15317.8
0.402188 15317.8
0.402813 15317.8
0.403438 15317.8
0.404062 15317.8
0.404688 15317.8
0.405313 15317.8
0.405938 15317.8
0.406562 15317.8
0.407188 15317.8
0.407813 15317.8
0.408438 15317.8
0.409062 15317.8
0.409687 15317.8
0.410313 15317.8
0.410938 15317.8
0.411562 15317.8
0.412187 15317.8
0.412813 15317.8
0.413438 15317.8
0.414062 15317.8
0.414687 15317.8
0.415313 15317.8
0.415938 15317.8
0.416563 15317.8
0.417187 15317.8
0.417813 15317.8
0.418438 15317.8
0.419063 15317.8
0.419687 15317.8
0.420313 15317.8
0.420938 15317.8
0.421563 15317.8
0.422187 15317.8
0.422813 15317.8
0.423438 15317.8
0.424063 15317.8
0.424687 15317.8
0.425312 15317.8
0.425938 15317.8
0.426563 15317.8
0.427187 15317.8
0.427812 15317.8
0.428438 15317.8
0.429063 15317.8
0.429688 15317.8
0.430312 15317.8
0.430938 15317.8
0.431563 15317.8
0.432188 15317.8
0.432812 15317.8
0.433438 15317.8
0.434063 15317.8
0.434688 15317.8
0.435312 15317.8
0.435938 15317.8
0.436563 15317.8
0.437188 15317.8
0.437812 15317.8
0.438438 15317.8
0.439063 15317.8
0.439688 15317.8
0.440312 15317.8
0.440937 15317.8
0.441563 15317.8
0.442188 15317.8
0.442812 15317.8
0.443437 15317.8
0.444063 15317.8
0.444688 15317.8
0.445312 15317.8
0.445937 15317.8
0.446563 15317.8
0.447188 48.4378
0.447813 48.4378
0.448437 48.4378
0.449063 48.4378
0.449688 48.4378
0.450313 48.4378
0.450937 48.4378
0.451563 48.4378
0.452188 48.4378
0.452813 48.4378
0.453437 48.4378
0.454063 48.4378
0.454688 1.19642
0.455313 1.19642
0.455937 1.19642
0.456562 1.19642
0.457188 1.19642
0.457813 1.19642
0.458437 1.19642
0.459062 1.19642
0.459688 1.19642
0.460313 1.19642
0.460938 1.19642
0.461562 1.19642
0.462188 1.19642
0.462813 1.19642
0.463438 1.19642
0.464062 1.19642
0.464688 1.19642
0.465313 1.19642
0.465938 1.19642
0.466562 1.19642
0.467188 1.19642
0.467813 1.19642
0.468438 1.19642
0.469062 1.19642
0.469688 1.19642
0.470313 1.19642
0.470938 1.19642
0.471562 1.19642
0.472187 1.19642
0.472813 1.19642
0.473438 1.19642
0.474062 1.19642
0.474687 1.19642
0.475313 1.19642
0.475938 1.19642
0.476562 1.19642
0.477187 1.19642
0.477813 1.19642
0.478438 1.19642
0.479063 1.19642
0.479687 1.19642
0.480313 1.19642
0.480938 1.19642
0.481563 1.19642
0.482187 1.19642
0.482813 1.19642
0.483438 1.19642
0.484063 1.19642
0.484687 1.19642
0.485313 1.19642
0.485938 1.19642
0.486563 1.19642
0.487187 1.19642
0.487813 1.19642
0.488438 1.19642
0.489063 1.19642
0.489687 1.19642
0.490312 1.19642
0.490938 1.19642
0.491563 1.19642
0.492188 1.19642
0.492812 1.19642
0.493438 1.19642
0.494063 1.19642
0.494688 1.19642
0.495312 1.19642
0.495938 1.19642
0.496563 1.19642
0.497188 1.19642
0.497812 1.19642
0.498438 1.19642
0.499063 1.19642
0.499688 1.19642
