0.1 -.05833742132093724
0.119 -.09173291373966881
0.138 -.1261253996538003
0.157 -.1600558842357932
0.176 -.1928494803699459
0.195 -.2242273321321466
0.214 -.2541085177489932
0.233 -.2825099502527421
.2519999999999999 -.3094952011763371
0.271 -.3351480108916385
0.29 -.3595585198782353
0.309 -.3828161918967992
0.328 -.4050063144640638
0.347 -.4262084286589059
0.366 -.4464957981960708
.3850000000000001 -.4659354293121407
.4040000000000001 -.4845883706118382
.4230000000000001 -0.502510142180524
.4420000000000001 -.5197512105922656
.4610000000000001 -.5363574646356928
.4800000000000001 -.5523706682782575
.4990000000000002 -.5678288797948152
.5180000000000001 -.5827668329619223
.5370000000000001 -.5972162800753819
.5560000000000002 -0.611206298583051
.5750000000000002 -.6247635641043131
.5940000000000002 -.6379125929820365
.6130000000000002 -.6506759575493777
.6320000000000002 -.6630744771488258
.6510000000000002 -.6751273877075141
.6700000000000003 -0.686852492404615
.6890000000000003 -.6982662956937822
.7080000000000003 -.7093841226826861
.7270000000000003 -.7202202256308783
.7460000000000003 -.7307878791097737
.7650000000000003 -.7410994651749315
.7840000000000004 -.7511665497302479
.8030000000000004 -.7609999511141021
.8220000000000004 -.7706098018070948
.8410000000000004 -.7800056040476394
.8600000000000004 -0.789196280042956
.8790000000000004 -.7981902173776227
.8980000000000005 -.8069953101474914
.9170000000000005 -.8156189962824156
.9360000000000005 -.8240682914652062
.9550000000000005 -.8323498200056053
.9740000000000005 -.8404698429857046
.9930000000000005 -0.848434283956375
1.012 -.8562487524320023
1.031 -.8639185654027792
1.05 -.8714487670591432
1.069 -.8788441469013772
1.088 -.8861092563884891
1.107 -.8932484242638018
1.126 -.9002657706800213
1.145 -.9071652202337577
1.164 -.9139505140077973
1.183 -.9206252207096279
1.202 -.9271927469855257
1.220999999999999 -.9336563469817519
1.239999999999999 -.9400191312172004
1.258999999999999 -.9462840748256945
1.277999999999999 -.9524540252204602
1.296999999999999 -.9585317092282837
1.315999999999999 -.9645197397364877
1.334999999999999 -.9704206218917826
1.353999999999999 -.9762367588865116
1.372999999999999 -.9819704573645339
1.391999999999999 -.9876239324762315
1.410999999999998 -.9931993126093503
1.429999999999998 -.9986986438201887
1.448999999999998 -1.004123893987472
1.467999999999998 -1.009476956709334
1.486999999999998 -1.014759654962134
1.505999999999998 -1.019973744538245
1.524999999999998 -1.025120917278582
1.543999999999998 -1.030202804114277
1.562999999999998 -1.035220977930819
1.581999999999998 -1.040176956266865
1.600999999999998 -1.045072203858991
1.619999999999997 -1.04990813504276
1.638999999999997 -1.054686116019668
1.657999999999997 -1.059407466998836
1.676999999999997 -1.064073464221599
1.695999999999997 -1.068685341876574
1.714999999999997 -1.073244293912178
1.733999999999997 -1.077751475753117
1.752999999999997 -1.082208005926829
1.771999999999997 -1.086614967605488
1.790999999999997 -1.090973410068726
1.809999999999997 -1.09528435009192
1.828999999999996 -1.099548773264501
1.847999999999996 -1.103767635242467
1.866999999999996 -1.107941862938979
1.885999999999996 -1.11207235565667
1.904999999999996 -1.116159986165038
1.923999999999996 -1.120205601726064
1.942999999999996 -1.124210025071023
1.961999999999996 -1.128174055331211
1.980999999999996 -1.132098468925196
1.999999999999996 -1.135984020404945
