0.2 -5.510741362654054e-5
0.216 -2.489387680831457e-4
0.232 -7.943844638983523e-4
.2480000000000001 -.001961144507431452
.2640000000000001 -.004005196002785578
.2800000000000001 -.007109452411175297
.2960000000000001 -.01137021177306926
.3120000000000001 -.01681373227063521
.3280000000000001 -.02342038445449047
.3440000000000001 -.03114478654649198
.3600000000000002 -.03992940522944274
.3760000000000002 -.04971275184533049
.3920000000000002 -.06043393759205852
.4080000000000002 -.07203500173218763
.4240000000000002 -.08446195182016802
.4400000000000002 -.09766508971736086
.4560000000000002 -.1115989591252595
.4720000000000003 -.1262221058982176
.4880000000000003 -0.141496757725633
.5040000000000002 -.1573884810683615
.5200000000000002 -.1738658455548979
.5360000000000003 -.1909001104887283
.5520000000000003 -.2084649395070176
.5680000000000003 -.2265361447806529
.5840000000000003 -.2450914597401712
.6000000000000003 -.2641103381707676
.6160000000000003 -.2835737770775293
.6320000000000003 -.3034641606559361
.6480000000000004 -.3237651228297093
.6640000000000004 -.3444614260391869
.6800000000000004 -.3655388541937597
.6960000000000004 -.3869841179794686
.7120000000000004 -.4087847709148441
.7280000000000004 -0.43092913477822
.7440000000000004 -.4534062332099097
.7600000000000005 -.4762057324570348
.7760000000000005 -.4993178883702575
.7920000000000005 -.5227334988835122
.8080000000000005 -.5464438613125024
.8240000000000005 -0.570440733897413
.8400000000000005 -0.594716301091994
.8560000000000005 -.6192631421670712
.8720000000000006 -.6440742027527149
.8880000000000006 -.6691427689918097
.9040000000000006 -.6944624440191545
.9200000000000006 -.7200271265160308
.9360000000000006 -.7458309911209313
.9520000000000006 -.7718684705037625
.9680000000000006 -.7981342389337621
.9840000000000007 -0.824623197191439
1.000000000000001 -.8513304586920488
1.073267326732673 -.9762904851572307
1.17029702970297 -1.148001610502665
1.267326732673267 -1.326105837151821
1.364356435643564 -1.509975783570693
1.461386138613862 -1.699092006409234
1.558415841584159 -1.893017644363739
1.655445544554456 -2.091380386132874
1.752475247524753 -2.293859305388234
1.84950495049505 -2.500175029804659
1.946534653465347 -2.710082254791514
2.043564356435644 -2.923363944322185
2.140594059405941 -3.139826770351812
2.237623762376238 -3.359297477882036
2.334653465346535 -3.581619952863051
2.431683168316833 -3.806652831402108
2.52871287128713 -4.034267531254172
