## X [m] Velocity [m/s]
0.0003125 8.9047
0.0009375 8.9047
0.0015625 8.9047
0.0021875 8.9047
0.0028125 8.9047
0.0034375 8.9047
0.0040625 8.9047
0.0046875 8.9047
0.0053125 8.9047
0.0059375 8.9047
0.0065625 8.9047
0.0071875 8.9047
0.0078125 8.9047
0.0084375 8.9047
0.0090625 8.9047
0.0096875 8.9047
0.0103125 8.9047
0.0109375 8.9047
0.0115625 8.9047
0.0121875 8.9047
0.0128125 8.9047
0.0134375 8.9047
0.0140625 8.9047
0.0146875 8.9047
0.0153125 8.9047
0.0159375 8.9047
0.0165625 8.9047
0.0171875 8.9047
0.0178125 8.9047
0.0184375 8.9047
0.0190625 8.9047
0.0196875 8.9047
0.0203125 8.9047
0.0209375 8.9047
0.0215625 8.9047
0.0221875 8.9047
0.0228125 8.9047
0.0234375 8.9047
0.0240625 8.9047
0.0246875 8.9047
0.0253125 8.9047
0.0259375 8.9047
0.0265625 8.9047
0.0271875 8.9047
0.0278125 8.9047
0.0284375 8.9047
0.0290625 8.9047
0.0296875 8.9047
0.0303125 8.9047
0.0309375 8.9047
0.0315625 8.9047
0.0321875 8.9047
0.0328125 8.9047
0.0334375 8.9047
0.0340625 8.9047
0.0346875 8.9047
0.0353125 8.9047
0.0359375 8.9047
0.0365625 8.9047
0.0371875 8.9047
0.0378125 8.9047
0.0384375 8.9047
0.0390625 8.9047
0.0396875 8.9047
0.0403125 8.9047
0.0409375 8.9047
0.0415625 8.9047
0.0421875 8.9047
0.0428125 8.9047
0.0434375 8.9047
0.0440625 8.9047
0.0446875 8.9047
0.0453125 8.9047
0.0459375 8.9047
0.0465625 8.9047
0.0471875 8.9047
0.0478125 8.9047
0.0484375 8.9047
0.0490625 8.9047
0.0496875 8.9047
0.0503125 8.9047
0.0509375 8.9047
0.0515625 8.9047
0.0521875 8.9047
0.0528125 8.9047
0.0534375 8.9047
0.0540625 8.9047
0.0546875 8.9047
0.0553125 8.9047
0.0559375 8.9047
0.0565625 8.9047
0.0571875 8.9047
0.0578125 8.9047
0.0584375 8.9047
0.0590625 8.9047
0.0596875 8.9047
0.0603125 8.9047
0.0609375 8.9047
0.0615625 8.9047
0.0621875 8.9047
0.0628125 8.9047
0.0634375 8.9047
0.0640625 8.9047
0.0646875 8.9047
0.0653125 8.9047
0.0659375 8.9047
0.0665625 8.9047
0.0671875 8.9047
0.0678125 8.9047
0.0684375 8.9047
0.0690625 8.9047
0.0696875 8.9047
0.0703125 8.9047
0.0709375 8.9047
0.0715625 8.99306
0.0721875 9.12661
0.0728125 9.26015
0.0734375 9.3937
0.0740625 9.52725
0.0746875 9.66079
0.0753125 9.79434
0.0759375 9.92789
0.0765625 10.0614
0.0771875 10.195
0.0778125 10.3285
0.0784375 10.4621
0.0790625 10.5956
0.0796875 10.7292
0.0803125 10.8627
0.0809375 10.9963
0.0815625 11.1298
0.0821875 11.2634
0.0828125 11.3969
0.0834375 11.5305
0.0840625 11.664
0.0846875 11.7975
0.0853125 11.9311
0.0859375 11.9447
0.0865625 11.9447
0.0871875 11.9447
0.0878125 11.9447
0.0884375 11.9447
0.0890625 11.9447
0.0896875 11.9447
0.0903125 11.9447
0.0909375 11.9447
0.0915625 11.9447
0.0921875 11.9447
0.0928125 11.9447
0.0934375 11.9447
0.0940625 11.9447
0.0946875 11.9447
0.0953125 11.9447
0.0959375 11.9447
0.0965625 11.9447
0.0971875 11.9447
0.0978125 11.9447
0.0984375 11.9447
0.0990625 11.9447
0.0996875 11.9447
0.100312 11.9447
0.100937 11.9447
0.101562 11.9447
0.102188 11.9447
0.102813 11.9447
0.103438 11.9447
0.104063 11.9447
0.104688 11.9447
0.105313 11.9447
0.105938 11.9447
0.106563 11.9447
0.107188 11.9447
0.107813 11.9447
0.108438 11.9447
0.109063 11.9447
0.109688 11.9447
0.110313 11.9447
0.110938 11.9447
0.111563 11.9447
0.112187 11.9447
0.112812 11.9447
0.113437 11.9447
0.114062 11.9447
0.114687 11.9447
0.115312 11.9447
0.115937 11.9447
0.116562 11.9447
0.117188 11.9447
0.117813 11.9447
0.118438 11.9447
0.119063 11.9447
0.119688 11.9447
0.120313 11.9447
0.120938 11.9447
0.121563 11.9447
0.122188 11.9447
0.122813 11.9447
0.123438 11.9447
0.124063 11.9447
0.124688 11.9447
0.125312 11.9447
0.125938 11.9447
0.126562 11.9447
0.127188 11.9447
0.127812 11.9447
0.128438 11.9447
0.129062 11.9447
0.129688 11.9447
0.130312 11.9447
0.130938 11.9447
0.131562 11.9447
0.132188 11.9447
0.132812 11.9447
0.133438 11.9447
0.134063 11.9447
0.134688 11.9447
0.135313 11.9447
0.135938 11.9447
0.136563 11.9447
0.137187 11.9447
0.137813 11.9447
0.138437 11.9447
0.139063 11.9447
0.139687 11.9447
0.140313 11.9447
0.140937 11.9447
0.141563 11.9447
0.142187 11.9447
0.142813 11.9447
0.143437 11.9447
0.144063 11.9447
0.144687 11.9447
0.145313 11.9447
0.145937 11.9447
0.146563 11.9447
0.147187 11.9447
0.147813 11.9447
0.148438 11.9447
0.149063 11.9447
0.149688 11.9447
0.150313 11.9447
0.150938 11.9447
0.151563 11.9447
0.152188 11.9447
0.152812 11.9447
0.153438 11.9447
0.154062 11.9447
0.154688 11.9447
0.155312 11.9447
0.155938 11.9447
0.156562 11.9447
0.157188 11.9447
0.157812 11.9447
0.158438 11.9447
0.159062 11.9447
0.159688 11.9447
0.160312 11.9447
0.160938 11.9447
0.161562 11.9447
0.162188 11.9447
0.162812 11.9447
0.163438 11.9447
0.164062 11.9447
0.164688 11.9447
0.165313 11.9447
0.165938 11.9447
0.166563 11.9447
0.167188 11.9447
0.167813 11.9447
0.168437 11.9447
0.169063 11.9447
0.169687 11.9447
0.170313 11.9447
0.170937 11.9447
0.171563 11.9447
0.172187 11.9447
0.172813 11.9447
0.173437 11.9447
0.174063 11.9447
0.174687 11.9447
0.175313 11.9447
0.175937 11.9447
0.176563 11.9447
0.177187 11.9447
0.177813 11.9447
0.178437 11.9447
0.179063 11.9447
0.179688 11.9447
0.180313 11.9447
0.180938 11.9447
0.181563 11.9447
0.182188 11.9447
0.182813 11.9447
0.183438 11.9447
0.184062 11.9447
0.184688 11.9447
0.185312 11.9447
0.185938 11.9447
0.186562 11.9447
0.187188 11.9447
0.187812 11.9447
0.188438 11.9447
0.189062 11.9447
0.189688 11.9447
0.190312 11.9447
0.190938 11.9447
0.191562 11.9447
0.192188 11.9447
0.192812 11.9447
0.193438 11.9447
0.194062 11.9447
0.194688 11.9447
0.195312 11.9447
0.195938 11.9447
0.196563 11.9447
0.197188 11.9447
0.197813 11.9447
0.198438 11.9447
0.199063 11.9447
0.199688 11.9447
0.200313 11.9447
0.200937 11.9447
0.201563 11.9447
0.202187 11.9447
0.202813 11.9447
0.203437 11.9447
0.204063 11.9447
0.204687 11.9447
0.205313 11.9447
0.205937 11.9447
0.206563 11.9447
0.207187 11.9447
0.207813 11.9447
0.208437 11.9447
0.209063 11.9447
0.209687 11.9447
0.210313 11.9447
0.210938 11.9447
0.211563 11.9447
0.212188 11.9447
0.212813 11.9447
0.213438 11.9447
0.214063 11.9447
0.214688 11.9447
0.215313 11.9447
0.215938 11.9447
0.216562 11.9447
0.217188 11.9447
0.217812 11.9447
0.218438 11.9447
0.219062 11.9447
0.219688 11.9447
0.220312 11.9447
0.220938 11.9447
0.221562 11.9447
0.222188 11.9447
0.222812 11.9447
0.223438 11.9447
0.224062 11.9447
0.224688 11.9447
0.225312 11.9447
0.225938 11.9447
0.226562 11.9447
0.227188 11.9447
0.227813 11.9447
0.228438 11.9447
0.229063 11.9447
0.229688 11.9447
0.230313 11.9447
0.230938 11.9447
0.231563 11.9447
0.232187 11.9447
0.232813 11.9447
0.233437 11.9447
0.234063 11.9447
0.234687 11.9447
0.235313 11.9447
0.235937 11.9447
0.236563 11.9447
0.237187 11.9447
0.237813 11.9447
0.238437 11.9447
0.239063 11.9447
0.239687 11.9447
0.240313 11.9447
0.240937 11.9447
0.241563 11.9447
0.242188 11.9447
0.242813 11.9447
0.243438 11.9447
0.244063 11.9447
0.244688 11.9447
0.245313 11.9447
0.245938 11.9447
0.246563 11.9447
0.247188 11.9447
0.247813 11.9447
0.248438 11.9447
0.249062 11.9447
0.249688 11.9447
0.250312 11.9447
0.250937 11.9447
0.251563 11.9447
0.252188 11.9447
0.252812 11.9447
0.253437 11.9447
0.254063 11.9447
0.254688 11.9447
0.255312 11.9447
0.255937 11.9447
0.256563 11.9447
0.257188 11.9447
0.257812 11.9447
0.258437 11.9447
0.259063 11.9447
0.259688 11.9447
0.260313 11.9447
0.260937 11.9447
0.261563 11.9447
0.262188 11.9447
0.262813 11.9447
0.263437 11.9447
0.264062 11.9447
0.264688 11.9447
0.265313 11.9447
0.265937 11.9447
0.266562 11.9447
0.267188 11.9447
0.267813 11.9447
0.268437 11.9447
0.269062 11.9447
0.269688 11.9447
0.270313 11.9447
0.270937 11.9447
0.271562 11.9447
0.272188 11.9447
0.272813 11.9447
0.273438 11.9447
0.274062 11.9447
0.274688 11.9447
0.275313 11.9447
0.275938 11.9447
0.276562 11.9447
0.277188 11.9447
0.277813 11.9447
0.278438 11.9447
0.279062 11.9447
0.279688 11.9447
0.280313 11.9447
0.280938 11.9447
0.281562 11.9447
0.282187 11.9447
0.282813 11.9447
0.283438 11.9447
0.284062 11.9447
0.284687 11.9447
0.285313 11.9447
0.285938 11.9447
0.286562 11.9447
0.287187 11.9447
0.287813 11.9447
0.288438 11.9447
0.289062 11.9447
0.289687 11.9447
0.290313 11.9447
0.290938 11.9447
0.291563 11.9447
0.292187 11.9447
0.292813 11.9447
0.293438 11.9447
0.294063 11.9447
0.294687 11.9447
0.295313 11.9447
0.295938 11.9447
0.296563 11.9447
0.297187 11.9447
0.297812 11.9447
0.298438 11.9447
0.299063 11.9447
0.299687 11.9447
0.300312 11.9447
0.300938 11.9447
0.301563 11.9447
0.302187 11.9447
0.302812 11.9447
0.303438 11.9447
0.304063 11.9447
0.304688 11.9447
0.305312 11.9447
0.305938 11.9447
0.306563 11.9447
0.307188 11.9447
0.307812 11.9447
0.308438 11.9447
0.309063 11.9447
0.309688 11.9447
0.310312 11.9447
0.310938 11.9447
0.311563 11.9447
0.312188 11.9447
0.312812 11.9447
0.313437 11.9447
0.314063 11.9447
0.314688 11.9447
0.315312 11.9447
0.315937 11.9447
0.316563 11.9447
0.317188 11.9447
0.317812 11.9447
0.318437 11.9447
0.319063 11.9447
0.319688 11.9447
0.320312 11.9447
0.320937 11.9447
0.321563 11.9447
0.322188 11.9447
0.322813 11.9447
0.323437 11.9447
0.324063 11.9447
0.324688 11.9447
0.325313 11.9447
0.325937 11.9447
0.326563 11.9447
0.327188 11.9447
0.327813 11.9447
0.328437 11.9447
0.329062 11.9447
0.329688 11.9447
0.330313 11.9447
0.330937 11.9447
0.331562 11.9447
0.332188 11.9447
0.332813 11.9447
0.333437 11.9447
0.334062 11.9447
0.334688 11.9447
0.335313 11.9447
0.335938 11.9447
0.336562 11.9447
0.337188 11.9447
0.337813 11.9447
0.338438 11.9447
0.339062 11.9447
0.339688 11.9447
0.340313 11.9447
0.340938 11.9447
0.341562 11.9447
0.342188 11.9447
0.342813 11.9447
0.343438 11.9447
0.344062 11.9447
0.344687 11.9447
0.345313 11.9447
0.345938 11.9447
0.346562 11.9447
0.347187 11.9447
0.347813 11.9447
0.348438 11.9447
0.349062 11.9447
0.349687 11.9447
0.350313 11.9447
0.350938 11.9447
0.351562 11.9447
0.352187 11.9447
0.352813 11.9447
0.353438 11.9447
0.354063 11.9447
0.354687 11.9447
0.355313 11.9447
0.355938 11.9447
0.356563 11.9447
0.357187 11.9447
0.357813 11.9447
0.358438 11.9447
0.359063 11.9447
0.359687 11.9447
0.360312 11.9447
0.360938 11.9447
0.361563 11.9447
0.362187 11.9447
0.362812 11.9447
0.363438 11.9447
0.364063 11.9447
0.364687 11.9447
0.365312 11.9447
0.365938 11.9447
0.366563 11.9447
0.367188 11.9447
0.367812 11.9447
0.368438 11.9447
0.369063 11.9447
0.369688 11.9447
0.370312 11.9447
0.370938 11.9447
0.371563 11.9447
0.372188 11.9447
0.372812 11.9447
0.373438 11.9447
0.374063 11.9447
0.374688 11.9447
0.375312 11.9447
0.375938 11.9447
0.376563 11.9447
0.377188 11.9447
0.377812 11.9447
0.378437 11.9447
0.379063 11.9447
0.379688 11.9447
0.380312 11.9447
0.380937 11.9447
0.381563 11.9447
0.382188 11.9447
0.382812 11.9447
0.383437 11.9447
0.384063 11.9447
0.384688 11.9447
0.385313 11.9447
0.385937 11.9447
0.386563 11.9447
0.387188 11.9447
0.387813 11.9447
0.388437 11.9447
0.389063 11.9447
0.389688 11.9447
0.390313 11.9447
0.390937 11.9447
0.391563 11.9447
0.392188 11.9447
0.392813 11.9447
0.393437 11.9447
0.394062 11.9447
0.394688 11.9447
0.395313 11.9447
0.395937 11.9447
0.396562 11.9447
0.397188 11.9447
0.397813 11.9447
0.398438 11.9447
0.399062 11.9447
0.399688 11.9447
0.400313 11.9447
0.400938 11.9447
0.401562 11.9447
0.402188 11.9447
0.402813 11.9447
0.403438 11.9447
0.404062 11.9447
0.404688 11.9447
0.405313 11.9447
0.405938 11.9447
0.406562 11.9447
0.407188 11.9447
0.407813 11.9447
0.408438 11.9447
0.409062 11.9447
0.409687 11.9447
0.410313 11.9447
0.410938 11.9447
0.411562 11.9447
0.412187 11.9447
0.412813 11.9447
0.413438 11.9447
0.414062 11.9447
0.414687 11.9447
0.415313 11.9447
0.415938 11.9447
0.416563 11.9447
0.417187 11.9447
0.417813 11.9447
0.418438 11.9447
0.419063 11.9447
0.419687 11.9447
0.420313 11.9447
0.420938 11.9447
0.421563 11.9447
0.422187 11.9447
0.422813 11.9447
0.423438 11.9447
0.424063 11.9447
0.424687 11.9447
0.425312 11.9447
0.425938 11.9447
0.426563 11.9447
0.427187 11.9447
0.427812 11.9447
0.428438 11.9447
0.429063 11.9447
0.429688 11.9447
0.430312 11.9447
0.430938 11.9447
0.431563 11.9447
0.432188 11.9447
0.432812 11.9447
0.433438 11.9447
0.434063 11.9447
0.434688 11.9447
0.435312 11.9447
0.435938 11.9447
0.436563 11.9447
0.437188 11.9447
0.437812 11.9447
0.438438 11.9447
0.439063 11.9447
0.439688 11.9447
0.440312 11.9447
0.440937 11.9447
0.441563 11.9447
0.442188 11.9447
0.442812 11.9447
0.443437 11.9447
0.444063 11.9447
0.444688 11.9447
0.445312 11.9447
0.445937 11.9447
0.446563 11.9447
0.447188 11.9447
0.447813 11.9447
0.448437 11.9447
0.449063 11.9447
0.449688 11.9447
0.450313 11.9447
0.450937 11.9447
0.451563 11.9447
0.452188 11.9447
0.452813 11.9447
0.453437 11.9447
0.454063 11.9447
0.454688 2.26542
0.455313 2.26542
0.455937 2.26542
0.456562 2.26542
0.457188 2.26542
0.457813 2.26542
0.458437 2.26542
0.459062 2.26542
0.459688 2.26542
0.460313 2.26542
0.460938 2.26542
0.461562 2.26542
0.462188 2.26542
0.462813 2.26542
0.463438 2.26542
0.464062 2.26542
0.464688 2.26542
0.465313 2.26542
0.465938 2.26542
0.466562 2.26542
0.467188 2.26542
0.467813 2.26542
0.468438 2.26542
0.469062 2.26542
0.469688 2.26542
0.470313 2.26542
0.470938 2.26542
0.471562 2.26542
0.472187 2.26542
0.472813 2.26542
0.473438 2.26542
0.474062 2.26542
0.474687 2.26542
0.475313 2.26542
0.475938 2.26542
0.476562 2.26542
0.477187 2.26542
0.477813 2.26542
0.478438 2.26542
0.479063 2.26542
0.479687 2.26542
0.480313 2.26542
0.480938 2.26542
0.481563 2.26542
0.482187 2.26542
0.482813 2.26542
0.483438 2.26542
0.484063 2.26542
0.484687 2.26542
0.485313 2.26542
0.485938 2.26542
0.486563 2.26542
0.487187 2.26542
0.487813 2.26542
0.488438 2.26542
0.489063 2.26542
0.489687 2.26542
0.490312 2.26542
0.490938 2.26542
0.491563 2.26542
0.492188 2.26542
0.492812 2.26542
0.493438 2.26542
0.494063 2.26542
0.494688 2.26542
0.495312 2.26542
0.495938 2.26542
0.496563 2.26542
0.497188 2.26542
0.497812 2.26542
0.498438 2.26542
0.499063 2.26542
0.499688 2.26542
