## X [m] Density [kg/m^3]
0.005 5.99924
0.015 5.99924
0.025 5.99924
0.035 5.99924
0.045 5.99924
0.055 5.99924
0.065 5.99924
0.075 5.99924
0.085 5.99924
0.095 5.99924
0.105 5.99924
0.115 5.99924
0.125 5.99924
0.135 5.99924
0.145 5.99924
0.155 5.99924
0.165 5.99924
0.175 5.99924
0.185 5.99924
0.195 5.99924
0.205 5.99924
0.215 5.99924
0.225 5.99924
0.235 5.99924
0.245 5.99924
0.255 5.99924
0.265 5.99924
0.275 5.99924
0.285 5.99924
0.295 5.99924
0.305 5.99924
0.315 5.99924
0.325 5.99924
0.335 5.99924
0.345 5.99924
0.355 5.99924
0.365 5.99924
0.375 5.99924
0.385 5.99924
0.395 5.99924
0.405 5.99924
0.415 5.99924
0.425 5.99924
0.435 14.2863
0.445 14.2863
0.455 14.2863
0.465 14.2863
0.475 14.2863
0.485 14.2863
0.495 14.2863
0.505 14.2863
0.515 14.2863
0.525 14.2863
0.535 14.2863
0.545 14.2863
0.555 14.2863
0.565 14.2863
0.575 14.2863
0.585 14.2863
0.595 14.2863
0.605 14.2863
0.615 14.2863
0.625 14.2863
0.635 14.2863
0.645 14.2863
0.655 14.2863
0.665 14.2863
0.675 14.2863
0.685 14.2863
0.695 14.2863
0.705 31.0804
0.715 31.0804
0.725 31.0804
0.735 31.0804
0.745 31.0804
0.755 31.0804
0.765 31.0804
0.775 31.0804
0.785 31.0804
0.795 31.0804
0.805 31.0804
0.815 31.0804
0.825 31.0804
0.835 5.99924
0.845 5.99924
0.855 5.99924
0.865 5.99924
0.875 5.99924
0.885 5.99924
0.895 5.99924
0.905 5.99924
0.915 5.99924
0.925 5.99924
0.935 5.99924
0.945 5.99924
0.955 5.99924
0.965 5.99924
0.975 5.99924
0.985 5.99924
0.995 5.99924
