0.1 -0.0412507862129714
0.119 -.06486496536332043
0.138 -.08918412537506559
0.157 -.1131766011119384
0.176 -.1363651753178907
0.195 -.1585526670780091
0.214 -.1796818560575753
0.233 -.1997647015763881
.2519999999999999 -.2188461554964827
0.271 -.2369854312026605
0.29 -.2542462676392983
0.309 -.2706919252382374
0.328 -.2863827113809108
0.347 -.3013748701035752
0.366 -.3157202066757419
.3850000000000001 -.3294661016616799
.4040000000000001 -.3426557229437707
.4230000000000001 -.3553283291508647
.4420000000000001 -.3675196055397083
.4610000000000001 -.3792620003839222
.4800000000000001 -.3905850452681008
.4990000000000002 -.4015156514564748
.5180000000000001 -.4120783794379833
.5370000000000001 -.4222956814763069
.5560000000000002 -0.432188118432005
.5750000000000002 -.4417745528164361
.5940000000000002 -0.451072320301892
.6130000000000002 -0.460097381938215
.6320000000000002 -.4688644592236592
.6510000000000002 -.4773871540127426
.6700000000000003 -.4856780550541849
.6890000000000003 -.4937488327590843
.7080000000000003 -.5016103236149971
.7270000000000003 -.5092726054912993
.7460000000000003 -.5167450649274559
.7650000000000003 -.5240364573589177
.7840000000000004 -.5311549611147602
.8030000000000004 -.5381082259154127
.8220000000000004 -.5449034165066181
.8410000000000004 -0.551547251985595
.8600000000000004 -.5580460413055718
.8790000000000004 -.5644057153844815
.8980000000000005 -.5706318561910322
.9170000000000005 -.5767297231358616
.9360000000000005 -.5827042770558596
.9550000000000005 -.5885602020453657
.9740000000000005 -.5943019253579845
.9930000000000005 -.5999336355767055
1.012 -.6054592992271901
1.031 -0.610882675989259
1.05 -.6162073326441762
1.069 -.6214366558800701
1.088 -.6265738640644697
1.107 -.6316220180811324
1.126 -.6365840313179764
1.145 -.6414626788838779
1.164 -.6462606061238441
1.183 -.6509803364951399
1.202 -.6556242788604479
1.220999999999999 -.6601947342486569
1.239999999999999 -.6646939021287693
1.258999999999999 -.6691238862380869
1.277999999999999 -.6734867000018103
1.296999999999999 -.6777842715776513
1.315999999999999 -.6820184485559544
1.334999999999999 -0.686191002342946
1.353999999999999 -.6903036322522289
1.372999999999999 -.6943579693273174
1.391999999999999 -.6983555799160681
1.410999999999998 -.7022979690158893
1.429999999999998 -.7061865834070639
1.448999999999998 -.7100228145899834
1.467999999999998 -.7138080015407292
1.486999999999998 -.7175434332982464
1.505999999999998 -.7212303513952281
1.524999999999998 -.7248699521438591
1.543999999999998 -.7284633887866017
1.562999999999998 -.7320117735214514
1.581999999999998 -.7355161794102832
1.600999999999998 -.7389776421782623
1.619999999999997 -0.742397161911657
1.638999999999997 -.7457757046608089
1.657999999999997 -.7491142039545401
1.676999999999997 -.7524135622317538
1.695999999999997 -.7556746521955893
1.714999999999997 -.7588983180950695
1.733999999999997 -.7620853769388377
1.752999999999997 -0.765236619645232
1.771999999999997 -.7683528121326411
1.790999999999997 -.7714346963538079
1.809999999999997 -.7744829912774973
1.828999999999996 -.7774983938206782
1.847999999999996 -.7804815797341877
1.866999999999996 -.7834332044446081
1.885999999999996 -.7863539038549294
1.904999999999996 -.7892442951063812
1.923999999999996 -.7921049773036564
1.942999999999996 -0.794936532205619
1.961999999999996 -.7977395248834267
1.980999999999996 -0.800514504347914
1.999999999999996 -.8032620041478942
