## X [m] Velocity [m/s]
0.005 -2
0.015 -2
0.025 -2
0.035 -2
0.045 -2
0.055 -2
0.065 -2
0.075 -2
0.085 -2
0.095 -1.95972
0.105 -1.90417
0.115 -1.84861
0.125 -1.79306
0.135 -1.7375
0.145 -1.68195
0.155 -1.62639
0.165 -1.57083
0.175 -1.51528
0.185 -1.45972
0.195 -1.40417
0.205 -1.34861
0.215 -1.29306
0.225 -1.2375
0.235 -1.18195
0.245 -1.12639
0.255 -1.07083
0.265 -1.01528
0.275 -0.959724
0.285 -0.904168
0.295 -0.848613
0.305 -0.793057
0.315 -0.737502
0.325 -0.681946
0.335 -0.62639
0.345 -0.570835
0.355 -0.515279
0.365 -0.459724
0.375 -0.404168
0.385 -0.348613
0.395 -0.293057
0.405 -0.237502
0.415 -0.181946
0.425 -0.12639
0.435 -0.0708349
0.445 -0.0152793
0.455 0
0.465 0
0.475 0
0.485 0
0.495 0
0.505 0
0.515 0
0.525 0
0.535 0
0.545 0
0.555 0.0152793
0.565 0.0708349
0.575 0.12639
0.585 0.181946
0.595 0.237502
0.605 0.293057
0.615 0.348613
0.625 0.404168
0.635 0.459724
0.645 0.515279
0.655 0.570835
0.665 0.62639
0.675 0.681946
0.685 0.737502
0.695 0.793057
0.705 0.848613
0.715 0.904168
0.725 0.959724
0.735 1.01528
0.745 1.07083
0.755 1.12639
0.765 1.18195
0.775 1.2375
0.785 1.29306
0.795 1.34861
0.805 1.40417
0.815 1.45972
0.825 1.51528
0.835 1.57083
0.845 1.62639
0.855 1.68195
0.865 1.7375
0.875 1.79306
0.885 1.84861
0.895 1.90417
0.905 1.95972
0.915 2
0.925 2
0.935 2
0.945 2
0.955 2
0.965 2
0.975 2
0.985 2
0.995 2
