## X [m] Pressure [Pa]
0.005 0.4
0.015 0.4
0.025 0.4
0.035 0.4
0.045 0.4
0.055 0.4
0.065 0.4
0.075 0.4
0.085 0.4
0.095 0.370816
0.105 0.333567
0.115 0.299572
0.125 0.268591
0.135 0.240398
0.145 0.214781
0.155 0.19154
0.165 0.170489
0.175 0.151453
0.185 0.134268
0.195 0.118783
0.205 0.104854
0.215 0.09235
0.225 0.0811461
0.235 0.0711281
0.245 0.0621894
0.255 0.0542315
0.265 0.0471628
0.275 0.040899
0.285 0.0353623
0.295 0.0304809
0.305 0.0261888
0.315 0.0224255
0.325 0.0191356
0.335 0.0162684
0.345 0.0137776
0.355 0.0116211
0.365 0.00976065
0.375 0.00816155
0.385 0.00679248
0.395 0.00562518
0.405 0.00463422
0.415 0.00379683
0.425 0.00309263
0.435 0.00250349
0.445 0.00201328
0.455 0.00189387
0.465 0.00189387
0.475 0.00189387
0.485 0.00189387
0.495 0.00189387
0.505 0.00189387
0.515 0.00189387
0.525 0.00189387
0.535 0.00189387
0.545 0.00189387
0.555 0.00201328
0.565 0.00250349
0.575 0.00309263
0.585 0.00379683
0.595 0.00463422
0.605 0.00562518
0.615 0.00679248
0.625 0.00816155
0.635 0.00976065
0.645 0.0116211
0.655 0.0137776
0.665 0.0162684
0.675 0.0191356
0.685 0.0224255
0.695 0.0261888
0.705 0.0304809
0.715 0.0353623
0.725 0.040899
0.735 0.0471628
0.745 0.0542315
0.755 0.0621894
0.765 0.0711281
0.775 0.0811461
0.785 0.09235
0.795 0.104854
0.805 0.118783
0.815 0.134268
0.825 0.151453
0.835 0.170489
0.845 0.19154
0.855 0.214781
0.865 0.240398
0.875 0.268591
0.885 0.299572
0.895 0.333567
0.905 0.370816
0.915 0.4
0.925 0.4
0.935 0.4
0.945 0.4
0.955 0.4
0.965 0.4
0.975 0.4
0.985 0.4
0.995 0.4
