1
2.41260
3.23047
3.37296
3.23150
2.89350
2.49594
2.11361
1.74812
1.44692
1.17714
0.96643
0.78237
0.64114
0.51966
0.42563
0.34688
0.28351
0.23317
0.18963
0.15788
0.12739
0.10762
0.08597
0.07381
0.05828
0.05089
0.03971
0.03524
0.02720
0.02451
0.01874
0.01711
0.01298
0.01198
0.00904
0.00841
0.00634
0.00592
0.00446
0.00418
0.00316
0.00296
0.00225
0.00210
0.00160
0.00150
0.00115
0.00107
0.00082
0.00077
0.00059
0.00055
0.00043
0.00040
0.00031
0.00029
0.00023
0.00021
0.00017
0.00015
0.00012
0.00011
0.00009
0.00008
0.00006
0.00006
0.00005
0.00004
0.00004
0.00003
0.00003
0.00002
0.00002
0.00002
0.00001
0.00001
0.00001
0.00001
0.00001
0.00001
0.00001
0.00001
