  -5.8636975e-14
   3.6438566e-02
   7.8879707e-02
   1.2195299e-01
   1.6821182e-01
   2.1553024e-01
   2.6299215e-01
   3.0865661e-01
   3.5106434e-01
   3.8894775e-01
   4.2163254e-01
   4.4896496e-01
   4.7128242e-01
   4.8925904e-01
   5.0376616e-01
   5.1571243e-01
   5.2591867e-01
   5.3504471e-01
   5.4355781e-01
   5.5174173e-01
   5.5973482e-01
   5.6757943e-01
   5.7526738e-01
   5.8277694e-01
   5.9009335e-01
   5.9721574e-01
   6.0415527e-01
   6.1092801e-01
   6.1754459e-01
   6.2400310e-01
   6.3028554e-01
   6.3635875e-01
   6.4217943e-01
   6.4770345e-01
   6.5289623e-01
   6.5774201e-01
   6.6224805e-01
   6.6644409e-01
   6.7037737e-01
   6.7410372e-01
   6.7767957e-01
   6.8115828e-01
   6.8458923e-01
   6.8801734e-01
   6.9148519e-01
   6.9503143e-01
   6.9868452e-01
   7.0245536e-01
   7.0633372e-01
   7.1028448e-01
   7.1424968e-01
   7.1815799e-01
   7.2193701e-01
   7.2552279e-01
   7.2887023e-01
   7.3195860e-01
   7.3479009e-01
   7.3738430e-01
   7.3977323e-01
   7.4199510e-01
   7.4408965e-01
   7.4609694e-01
   7.4805775e-01
   7.5001004e-01
   7.5198526e-01
   7.5400584e-01
   7.5607959e-01
   7.5819482e-01
   7.6032458e-01
   7.6243170e-01
   7.6447344e-01
   7.6641083e-01
   7.6821674e-01
   7.6987725e-01
   7.7139155e-01
   7.7276778e-01
   7.7401682e-01
   7.7515355e-01
   7.7619286e-01
   7.7714956e-01
   7.7804529e-01
   7.7891219e-01
   7.7977741e-01
   7.8066445e-01
   7.8158608e-01
   7.8253756e-01
   7.8349304e-01
   7.8442446e-01
   7.8530355e-01
   7.8611555e-01
   7.8686136e-01
   7.8755646e-01
   7.8822067e-01
   7.8887531e-01
   7.8953061e-01
   7.9018667e-01
   7.9084362e-01
   7.9150419e-01
   7.9217456e-01
   7.9286818e-01
   7.9360213e-01
   7.9437866e-01
   7.9518137e-01
   7.9597751e-01
   7.9672362e-01
   7.9737448e-01
   7.9790499e-01
   7.9831854e-01
   7.9864170e-01
   7.9891262e-01
   7.9917088e-01
   7.9944196e-01
   7.9973168e-01
   8.0003600e-01
   8.0035626e-01
   8.0070356e-01
   8.0109967e-01
   8.0157050e-01
   8.0212900e-01
   8.0275578e-01
   8.0339860e-01
   8.0398191e-01
   8.0442570e-01
   8.0466954e-01
   8.0469629e-01
   8.0453672e-01
   8.0426176e-01
   8.0396201e-01
   8.0372381e-01
   8.0360679e-01
   8.0363430e-01
   8.0379168e-01
   8.0403888e-01
   8.0432550e-01
   8.0460413e-01
   8.0483830e-01
   8.0501223e-01
   8.0512679e-01
   8.0519542e-01
   8.0524098e-01
   8.0529668e-01
   8.0539364e-01
   8.0555872e-01
   8.0581089e-01
   8.0615634e-01
   8.0657439e-01
   8.0702679e-01
   8.0746228e-01
   8.0782238e-01
   8.0805137e-01
   8.0811795e-01
   8.0801365e-01
   8.0775209e-01
   8.0736933e-01
   8.0691725e-01
   8.0644812e-01
   8.0601083e-01
   8.0564642e-01
   8.0537965e-01
   8.0521698e-01
   8.0515019e-01
   8.0515824e-01
   8.0521087e-01
   8.0527717e-01
   8.0532998e-01
   8.0534697e-01
   8.0531346e-01
   8.0522187e-01
   8.0506837e-01
   8.0485232e-01
   8.0457764e-01
   8.0424910e-01
   8.0387677e-01
   8.0347690e-01
   8.0306919e-01
   8.0267274e-01
   8.0230668e-01
   8.0197631e-01
   8.0167354e-01
   8.0138291e-01
   8.0108595e-01
   8.0076303e-01
   8.0041295e-01
   8.0004977e-01
   7.9969347e-01
   7.9936809e-01
   7.9910170e-01
   7.9890918e-01
   7.9879703e-01
   7.9877007e-01
   7.9882983e-01
   7.9896866e-01
   7.9917660e-01
   7.9943356e-01
   7.9970509e-01
   7.9993950e-01
   8.0007511e-01
   8.0004528e-01
   7.9979363e-01
   7.9928724e-01
   7.9853552e-01
   7.9759268e-01
   7.9655178e-01
   7.9552670e-01
   7.9462909e-01
   7.9394199e-01
   7.9350949e-01
   7.9333269e-01
   7.9337914e-01
   7.9359869e-01
   7.9393236e-01
   7.9431328e-01
   7.9467663e-01
   7.9496248e-01
   7.9511687e-01
   7.9510554e-01
   7.9493008e-01
   7.9462191e-01
   7.9423317e-01
   7.9382891e-01
   7.9346840e-01
   7.9318355e-01
   7.9297697e-01
   7.9282841e-01
   7.9269574e-01
   7.9252708e-01
   7.9227656e-01
   7.9191215e-01
   7.9141663e-01
   7.9079626e-01
   7.9007565e-01
   7.8929157e-01
   7.8848914e-01
   7.8772006e-01
   7.8703312e-01
   7.8647289e-01
   7.8607318e-01
   7.8584554e-01
   7.8576961e-01
   7.8579334e-01
   7.8583606e-01
   7.8580336e-01
   7.8560973e-01
   7.8519948e-01
   7.8455542e-01
   7.8370024e-01
   7.8268689e-01
   7.8158248e-01
   7.8045116e-01
   7.7934684e-01
   7.7830968e-01
   7.7736715e-01
   7.7653361e-01
   7.7581190e-01
   7.7519072e-01
   7.7464352e-01
   7.7412789e-01
   7.7359706e-01
   7.7301081e-01
   7.7234590e-01
   7.7160080e-01
   7.7079587e-01
   7.6996075e-01
   7.6912161e-01
   7.6829223e-01
   7.6747286e-01
   7.6665582e-01
   7.6583461e-01
   7.6501198e-01
   7.6420212e-01
   7.6342795e-01
   7.6271142e-01
   7.6206662e-01
   7.6149396e-01
   7.6097951e-01
   7.6049461e-01
   7.6000434e-01
   7.5947397e-01
   7.5887675e-01
   7.5819536e-01
   7.5742860e-01
   7.5658027e-01
   7.5565160e-01
   7.5463166e-01
   7.5350280e-01
   7.5223586e-01
   7.5081842e-01
   7.4926939e-01
   7.4765429e-01
   7.4607401e-01
   7.4466006e-01
   7.4352440e-01
   7.4273500e-01
   7.4229156e-01
   7.4212421e-01
   7.4210013e-01
   7.4207444e-01
   7.4191664e-01
   7.4153357e-01
   7.4089092e-01
   7.4001794e-01
   7.3897970e-01
   7.3785733e-01
   7.3673750e-01
   7.3568615e-01
   7.3473167e-01
   7.3386805e-01
   7.3306409e-01
   7.3226361e-01
   7.3140124e-01
   7.3042167e-01
   7.2928913e-01
   7.2798960e-01
   7.2653710e-01
   7.2497155e-01
   7.2334755e-01
   7.2172775e-01
   7.2017633e-01
   7.1874809e-01
   7.1747979e-01
   7.1639001e-01
   7.1547288e-01
   7.1469864e-01
   7.1402053e-01
   7.1339122e-01
   7.1276768e-01
   7.1212385e-01
   7.1145239e-01
   7.1076360e-01
   7.1006277e-01
   7.0934500e-01
   7.0858525e-01
   7.0774948e-01
   7.0680875e-01
   7.0576371e-01
   7.0465156e-01
   7.0355614e-01
   7.0258176e-01
   7.0181616e-01
   7.0131306e-01
   7.0108501e-01
   7.0109037e-01
   7.0125531e-01
   7.0150569e-01
   7.0176683e-01
   7.0196441e-01
   7.0203281e-01
   7.0191281e-01
   7.0155175e-01
   7.0092321e-01
   7.0003814e-01
   6.9894757e-01
   6.9772769e-01
   6.9646017e-01
   6.9520690e-01
   6.9398952e-01
   6.9277971e-01
   6.9152492e-01
   6.9016766e-01
   6.8866551e-01
   6.8701476e-01
   6.8526265e-01
   6.8348287e-01
   6.8176322e-01
   6.8019130e-01
   6.7883423e-01
   6.7772491e-01
   6.7687105e-01
   6.7625283e-01
   6.7582357e-01
   6.7551653e-01
   6.7525086e-01
   6.7493457e-01
   6.7447957e-01
   6.7382195e-01
   6.7293394e-01
   6.7183297e-01
   6.7058044e-01
   6.6927386e-01
   6.6801352e-01
   6.6687587e-01
   6.6589488e-01
   6.6505479e-01
   6.6427593e-01
   6.6344782e-01
   6.6246569e-01
   6.6125336e-01
   6.5978160e-01
   6.5810173e-01
   6.5632397e-01
   6.5458331e-01
   6.5301482e-01
   6.5172625e-01
   6.5075691e-01
   6.5007864e-01
   6.4961014e-01
   6.4923520e-01
   6.4882890e-01
   6.4829319e-01
   6.4757155e-01
   6.4665422e-01
   6.4557139e-01
   6.4437736e-01
   6.4312950e-01
   6.4187524e-01
   6.4064491e-01
   6.3945369e-01
   6.3830847e-01
   6.3721518e-01
   6.3618016e-01
   6.3520704e-01
   6.3429006e-01
   6.3340737e-01
   6.3251834e-01
   6.3157157e-01
   6.3051690e-01
   6.2931935e-01
   6.2797053e-01
   6.2649368e-01
   6.2493279e-01
   6.2333886e-01
   6.2175432e-01
   6.2020444e-01
   6.1869422e-01
   6.1722135e-01
   6.1578960e-01
   6.1442195e-01
   6.1315938e-01
   6.1205353e-01
   6.1114619e-01
   6.1045368e-01
   6.0995463e-01
   6.0959317e-01
   6.0929177e-01
   6.0897790e-01
   6.0859876e-01
   6.0813358e-01
   6.0759425e-01
   6.0701785e-01
   6.0644299e-01
   6.0589700e-01
   6.0538124e-01
   6.0486950e-01
   6.0430760e-01
   6.0362777e-01
   6.0275997e-01
   6.0165142e-01
   6.0026959e-01
   5.9860978e-01
   5.9669605e-01
   5.9458454e-01
   5.9235299e-01
   5.9010253e-01
   5.8794831e-01
   5.8600319e-01
   5.8434976e-01
   5.8302672e-01
   5.8201368e-01
   5.8123828e-01
   5.8059837e-01
   5.7999950e-01
   5.7937904e-01
   5.7872111e-01
   5.7804282e-01
   5.7737067e-01
   5.7671368e-01
   5.7605368e-01
   5.7534834e-01
   5.7455619e-01
   5.7366067e-01
   5.7268464e-01
   5.7168364e-01
   5.7073221e-01
   5.6989954e-01
   5.6922618e-01
   5.6871253e-01
   5.6832634e-01
   5.6800862e-01
   5.6768747e-01
   5.6730222e-01
   5.6681924e-01
   5.6623159e-01
   5.6556465e-01
   5.6487341e-01
   5.6421845e-01
   5.6364694e-01
   5.6318765e-01
   5.6284124e-01
   5.6257466e-01
   5.6233728e-01
   5.6207556e-01
   5.6174405e-01
   5.6131232e-01
   5.6077580e-01
   5.6015490e-01
   5.5949512e-01
   5.5885197e-01
   5.5829217e-01
   5.5787886e-01
   5.5765146e-01
   5.5760383e-01
   5.5769215e-01
   5.5782277e-01
   5.5787303e-01
   5.5773382e-01
   5.5734582e-01
   5.5670778e-01
   5.5589644e-01
   5.5503964e-01
   5.5426513e-01
   5.5366360e-01
   5.5326929e-01
   5.5303786e-01
   5.5287339e-01
   5.5266733e-01
   5.5233064e-01
   5.5181191e-01
   5.5111350e-01
   5.5027187e-01
   5.4933630e-01
   5.4834172e-01
   5.4730000e-01
   5.4619812e-01
   5.4501064e-01
   5.4371469e-01
   5.4231795e-01
   5.4086061e-01
   5.3940920e-01
   5.3804997e-01
   5.3687024e-01
   5.3592694e-01
   5.3524653e-01
   5.3482633e-01
   5.3463421e-01
   5.3462952e-01
   5.3478722e-01
   5.3509400e-01
   5.3554561e-01
   5.3614575e-01
   5.3688458e-01
   5.3772186e-01
   5.3858930e-01
   5.3940124e-01
   5.4006263e-01
   5.4048931e-01
   5.4062871e-01
   5.4046901e-01
   5.4003312e-01
   5.3937477e-01
   5.3856839e-01
   5.3769125e-01
   5.3681242e-01
   5.3598757e-01
   5.3525378e-01
   5.3462744e-01
   5.3410833e-01
   5.3367777e-01
   5.3330407e-01
   5.3295000e-01
   5.3257985e-01
   5.3216705e-01
   5.3170725e-01
   5.3122375e-01
   5.3076046e-01
   5.3037141e-01
   5.3010315e-01
   5.2997547e-01
   5.2996413e-01
   5.3000733e-01
   5.3002024e-01
   5.2992142e-01
   5.2965689e-01
   5.2922059e-01
   5.2865152e-01
   5.2801931e-01
   5.2739862e-01
   5.2684703e-01
   5.2639200e-01
   5.2602956e-01
   5.2573533e-01
   5.2548001e-01
   5.2524176e-01
   5.2500765e-01
   5.2477437e-01
   5.2454142e-01
   5.2430683e-01
   5.2406565e-01
   5.2381709e-01
   5.2356768e-01
   5.2333248e-01
   5.2312853e-01
   5.2296583e-01
   5.2283395e-01
   5.2269636e-01
   5.2249311e-01
   5.2215612e-01
   5.2162906e-01
   5.2088778e-01
   5.1995257e-01
   5.1889009e-01
   5.1779660e-01
   5.1677534e-01
   5.1591024e-01
   5.1524140e-01
   5.1475223e-01
   5.1438160e-01
   5.1403911e-01
   5.1363276e-01
   5.1310173e-01
   5.1243740e-01
   5.1168157e-01
   5.1091987e-01
   5.1025673e-01
   5.0978388e-01
   5.0955513e-01
   5.0957115e-01
   5.0977828e-01
   5.1008567e-01
   5.1038652e-01
   5.1058282e-01
   5.1061229e-01
   5.1045639e-01
   5.1013501e-01
   5.0970036e-01
   5.0922149e-01
   5.0876104e-01
   5.0836398e-01
   5.0805393e-01
   5.0782767e-01
   5.0765464e-01
   5.0748902e-01
   5.0728168e-01
   5.0698716e-01
   5.0657318e-01
   5.0603616e-01
   5.0539738e-01
   5.0469330e-01
   5.0396937e-01
   5.0327145e-01
   5.0262468e-01
   5.0203309e-01
   5.0148133e-01
   5.0093784e-01
   5.0036061e-01
   4.9971520e-01
   4.9898013e-01
   4.9815945e-01
   4.9728698e-01
   4.9642665e-01
   4.9566082e-01
   4.9507948e-01
   4.9475452e-01
   4.9472363e-01
   4.9497933e-01
   4.9546985e-01
   4.9610654e-01
   4.9678649e-01
   4.9741073e-01
   4.9790005e-01
   4.9820229e-01
   4.9829283e-01
   4.9816616e-01
   4.9782947e-01
   4.9729581e-01
   4.9658168e-01
   4.9571173e-01
   4.9472842e-01
   4.9369334e-01
   4.9268585e-01
   4.9179867e-01
   4.9112031e-01
   4.9071021e-01
   4.9058784e-01
   4.9072866e-01
   4.9106353e-01
   4.9149699e-01
   4.9193335e-01
   4.9229521e-01
   4.9253830e-01
   4.9266210e-01
   4.9270166e-01
   4.9271499e-01
   4.9276688e-01
   4.9290845e-01
   4.9316076e-01
   4.9351386e-01
   4.9392971e-01
   4.9435049e-01
   4.9471320e-01
   4.9496328e-01
   4.9505919e-01
   4.9497575e-01
   4.9470866e-01
   4.9427900e-01
   4.9373505e-01
   4.9315216e-01
   4.9262394e-01
   4.9224654e-01
   4.9209564e-01
   4.9220538e-01
   4.9255801e-01
   4.9308858e-01
   4.9369759e-01
   4.9427421e-01
   4.9472165e-01
   4.9497526e-01
   4.9501012e-01
   4.9484401e-01
   4.9453068e-01
   4.9414913e-01
   4.9378917e-01
   4.9353203e-01
   4.9343753e-01
   4.9353547e-01
   4.9381955e-01
   4.9424884e-01
   4.9477111e-01
   4.9532928e-01
   4.9586940e-01
   4.9634851e-01
   4.9674223e-01
   4.9702932e-01
   4.9719890e-01
   4.9725596e-01
   4.9722418e-01
   4.9714327e-01
   4.9707325e-01
   4.9707941e-01
   4.9721604e-01
   4.9751397e-01
   4.9797078e-01
   4.9854776e-01
   4.9918169e-01
   4.9979873e-01
   5.0032702e-01
   5.0071074e-01
   5.0091818e-01
   5.0094138e-01
   5.0079501e-01
   5.0051338e-01
   5.0014674e-01
   4.9975385e-01
   4.9939552e-01
   4.9912753e-01
   4.9899387e-01
   4.9901707e-01
   4.9920074e-01
   4.9953211e-01
   4.9998364e-01
   5.0051649e-01
   5.0109172e-01
   5.0166471e-01
   5.0218361e-01
   5.0259530e-01
   5.0285379e-01
   5.0291902e-01
   5.0277391e-01
   5.0243680e-01
   5.0195876e-01
   5.0141235e-01
   5.0088563e-01
   5.0045942e-01
   5.0018587e-01
   5.0008375e-01
   5.0014035e-01
   5.0031214e-01
   5.0053877e-01
   5.0075837e-01
   5.0091106e-01
   5.0094508e-01
   5.0082846e-01
   5.0054922e-01
   5.0011444e-01
   4.9955576e-01
   4.9892417e-01
   4.9827384e-01
   4.9765530e-01
   4.9710868e-01
   4.9665383e-01
   4.9629168e-01
   4.9601432e-01
   4.9581251e-01
   4.9568283e-01
   4.9563267e-01
   4.9567642e-01
   4.9582913e-01
   4.9609260e-01
   4.9644493e-01
   4.9683780e-01
   4.9720428e-01
   4.9746810e-01
   4.9756420e-01
   4.9745474e-01
   4.9713870e-01
   4.9664950e-01
   4.9604745e-01
   4.9540614e-01
   4.9479944e-01
   4.9428626e-01
   4.9390486e-01
   4.9367623e-01
   4.9360342e-01
   4.9367590e-01
   4.9388319e-01
   4.9421619e-01
   4.9465789e-01
   4.9518867e-01
   4.9578133e-01
   4.9638789e-01
   4.9694887e-01
   4.9740847e-01
   4.9771410e-01
   4.9783041e-01
   4.9775827e-01
   4.9752601e-01
   4.9718343e-01
   4.9680187e-01
   4.9645916e-01
   4.9621660e-01
   4.9611864e-01
   4.9618608e-01
   4.9640935e-01
   4.9675119e-01
   4.9716289e-01
   4.9758591e-01
   4.9795715e-01
   4.9821763e-01
   4.9832124e-01
   4.9823111e-01
   4.9792730e-01
   4.9741506e-01
   4.9672633e-01
   4.9591346e-01
   4.9504731e-01
   4.9420302e-01
   4.9344124e-01
   4.9279613e-01
   4.9227518e-01
   4.9186226e-01
   4.9153321e-01
   4.9127397e-01
   4.9108880e-01
   4.9099901e-01
   4.9103262e-01
   4.9120657e-01
   4.9151531e-01
   4.9193337e-01
   4.9241820e-01
   4.9292467e-01
   4.9341526e-01
   4.9386388e-01
   4.9424823e-01
   4.9454878e-01
   4.9474226e-01
   4.9481193e-01
   4.9474824e-01
   4.9455616e-01
   4.9425746e-01
   4.9388989e-01
   4.9348796e-01
   4.9308917e-01
   4.9272987e-01
   4.9244061e-01
   4.9224391e-01
   4.9215613e-01
   4.9216490e-01
   4.9222792e-01
   4.9227699e-01
   4.9223033e-01
   4.9201820e-01
   4.9161688e-01
   4.9106088e-01
   4.9044102e-01
   4.8988595e-01
   4.8952062e-01
   4.8943176e-01
   4.8963977e-01
   4.9009375e-01
   4.9068429e-01
   4.9127986e-01
   4.9175415e-01
   4.9201936e-01
   4.9203677e-01
   4.9181518e-01
   4.9139362e-01
   4.9082630e-01
   4.9016680e-01
   4.8946720e-01
   4.8877513e-01
   4.8813853e-01
   4.8760920e-01
   4.8723530e-01
   4.8704556e-01
   4.8704803e-01
   4.8722298e-01
   4.8751890e-01
   4.8786658e-01
   4.8819567e-01
   4.8844179e-01
   4.8855923e-01
   4.8853375e-01
   4.8837663e-01
   4.8812095e-01
   4.8780950e-01
   4.8748166e-01
   4.8715846e-01
   4.8684362e-01
   4.8652093e-01
   4.8617212e-01
   4.8578879e-01
   4.8538027e-01
   4.8496967e-01
   4.8459162e-01
   4.8427365e-01
   4.8402554e-01
   4.8383992e-01
   4.8369720e-01
   4.8357308e-01
   4.8344884e-01
   4.8331774e-01
   4.8317992e-01
   4.8304041e-01
   4.8290203e-01
   4.8276497e-01
   4.8262424e-01
   4.8247531e-01
   4.8231588e-01
   4.8214970e-01
   4.8198270e-01
   4.8182529e-01
   4.8168609e-01
   4.8156642e-01
   4.8145821e-01
   4.8134773e-01
   4.8121285e-01
   4.8103238e-01
   4.8079408e-01
   4.8049670e-01
   4.8014901e-01
   4.7977241e-01
   4.7938963e-01
   4.7901894e-01
   4.7867259e-01
   4.7835439e-01
   4.7805701e-01
   4.7777154e-01
   4.7748982e-01
   4.7720530e-01
   4.7691650e-01
   4.7662942e-01
   4.7635077e-01
   4.7608733e-01
   4.7584452e-01
   4.7562442e-01
   4.7542384e-01
   4.7523690e-01
   4.7505373e-01
   4.7486215e-01
   4.7464577e-01
   4.7438562e-01
   4.7406256e-01
   4.7365960e-01
   4.7316040e-01
   4.7255555e-01
   4.7184339e-01
   4.7102695e-01
   4.7011535e-01
   4.6912779e-01
   4.6808815e-01
   4.6702331e-01
   4.6596482e-01
   4.6494584e-01
   4.6399694e-01
   4.6314616e-01
   4.6241720e-01
   4.6182676e-01
   4.6138152e-01
   4.6107571e-01
   4.6089251e-01
   4.6080654e-01
   4.6078475e-01
   4.6079331e-01
   4.6080611e-01
   4.6080557e-01
   4.6078413e-01
   4.6074893e-01
   4.6071671e-01
   4.6070457e-01
   4.6072712e-01
   4.6079122e-01
   4.6088711e-01
   4.6099172e-01
   4.6107628e-01
   4.6110995e-01
   4.6106603e-01
   4.6093277e-01
   4.6071218e-01
   4.6041640e-01
   4.6006523e-01
   4.5968375e-01
   4.5929192e-01
   4.5890307e-01
   4.5852303e-01
   4.5815321e-01
   4.5778869e-01
   4.5742869e-01
   4.5707881e-01
   4.5675245e-01
   4.5646180e-01
   4.5621759e-01
   4.5601420e-01
   4.5582875e-01
   4.5562452e-01
   4.5536635e-01
   4.5502949e-01
   4.5461766e-01
   4.5416212e-01
   4.5371195e-01
   4.5331496e-01
   4.5300040e-01
   4.5276286e-01
   4.5256471e-01
   4.5234774e-01
   4.5205187e-01
   4.5163352e-01
   4.5107790e-01
   4.5039616e-01
   4.4961531e-01
   4.4876869e-01
   4.4788728e-01
   4.4699353e-01
   4.4610579e-01
   4.4524970e-01
   4.4445459e-01
   4.4374792e-01
   4.4315327e-01
   4.4268168e-01
   4.4231481e-01
   4.4201411e-01
   4.4173344e-01
   4.4142484e-01
   4.4104734e-01
   4.4058612e-01
   4.4004496e-01
   4.3943661e-01
   4.3878341e-01
   4.3811910e-01
   4.3747910e-01
   4.3690744e-01
   4.3645835e-01
   4.3618230e-01
   4.3610607e-01
   4.3622371e-01
   4.3648714e-01
   4.3681304e-01
   4.3710552e-01
   4.3728672e-01
   4.3731841e-01
   4.3721186e-01
   4.3701294e-01
   4.3678402e-01
   4.3657850e-01
   4.3642011e-01
   4.3629522e-01
   4.3617104e-01
   4.3600104e-01
   4.3573802e-01
   4.3534842e-01
   4.3481928e-01
   4.3414695e-01
   4.3334169e-01
   4.3242473e-01
   4.3142375e-01
   4.3036945e-01
   4.2929874e-01
   4.2825201e-01
   4.2727248e-01
   4.2640120e-01
   4.2567416e-01
   4.2511785e-01
   4.2474333e-01
   4.2454452e-01
   4.2450335e-01
   4.2459403e-01
   4.2479032e-01
   4.2507198e-01
   4.2542463e-01
   4.2583839e-01
   4.2630311e-01
   4.2680149e-01
   4.2730812e-01
   4.2779435e-01
   4.2822807e-01
   4.2858023e-01
   4.2882971e-01
   4.2896282e-01
   4.2897086e-01
   4.2885185e-01
   4.2860758e-01
   4.2824579e-01
   4.2778183e-01
   4.2723734e-01
   4.2664142e-01
   4.2602886e-01
   4.2542985e-01
   4.2486449e-01
   4.2434190e-01
   4.2385258e-01
   4.2336976e-01
   4.2286115e-01
   4.2229816e-01
   4.2166103e-01
   4.2094903e-01
   4.2018289e-01
   4.1939947e-01
   4.1864089e-01
   4.1794754e-01
   4.1735023e-01
   4.1686410e-01
   4.1648246e-01
   4.1618525e-01
   4.1594437e-01
   4.1572753e-01
   4.1550498e-01
   4.1526348e-01
   4.1500207e-01
   4.1472881e-01
   4.1445703e-01
   4.1419929e-01
   4.1395366e-01
   4.1370592e-01
   4.1343224e-01
   4.1310468e-01
   4.1269787e-01
   4.1219908e-01
   4.1160639e-01
   4.1092633e-01
   4.1017093e-01
   4.0935270e-01
   4.0847932e-01
   4.0755696e-01
   4.0659541e-01
   4.0560937e-01
   4.0462138e-01
   4.0366172e-01
   4.0276273e-01
   4.0195028e-01
   4.0123874e-01
   4.0062692e-01
   4.0010121e-01
   3.9963951e-01
   3.9921550e-01
   3.9880432e-01
   3.9838537e-01
   3.9793741e-01
   3.9744070e-01
   3.9688221e-01
   3.9625671e-01
   3.9557041e-01
   3.9484807e-01
   3.9412707e-01
   3.9344605e-01
   3.9283736e-01
   3.9231986e-01
   3.9189255e-01
   3.9153898e-01
   3.9123963e-01
   3.9097924e-01
   3.9074984e-01
   3.9055129e-01
   3.9038873e-01
   3.9025965e-01
   3.9014800e-01
   3.9002463e-01
   3.8985109e-01
   3.8958380e-01
   3.8918909e-01
   3.8865274e-01
   3.8798362e-01
   3.8721286e-01
   3.8638746e-01
   3.8555797e-01
   3.8476920e-01
   3.8405428e-01
   3.8343267e-01
   3.8291905e-01
   3.8252619e-01
   3.8226299e-01
   3.8213151e-01
   3.8212580e-01
   3.8221751e-01
   3.8235827e-01
   3.8249076e-01
   3.8256069e-01
   3.8252073e-01
   3.8234928e-01
   3.8205325e-01
   3.8166311e-01
   3.8122541e-01
   3.8080210e-01
   3.8045470e-01
   3.8023561e-01
   3.8018054e-01
   3.8030307e-01
   3.8058907e-01
   3.8100208e-01
   3.8148737e-01
   3.8198210e-01
   3.8242591e-01
   3.8276968e-01
   3.8298074e-01
   3.8304757e-01
   3.8297688e-01
   3.8278868e-01
   3.8250982e-01
   3.8216634e-01
   3.8177888e-01
   3.8136309e-01
   3.8093085e-01
   3.8049417e-01
   3.8007156e-01
   3.7968612e-01
   3.7936181e-01
   3.7911834e-01
   3.7896495e-01
   3.7889255e-01
   3.7887709e-01
   3.7888259e-01
   3.7887022e-01
   3.7880846e-01
   3.7868233e-01
   3.7849239e-01
   3.7825432e-01
   3.7799132e-01
   3.7772372e-01
   3.7746314e-01
   3.7721310e-01
   3.7697119e-01
   3.7673306e-01
   3.7649682e-01
   3.7626264e-01
   3.7603123e-01
   3.7579850e-01
   3.7555407e-01
   3.7528452e-01
   3.7497978e-01
   3.7463608e-01
   3.7426245e-01
   3.7388171e-01
   3.7352500e-01
   3.7322344e-01
   3.7300417e-01
   3.7288445e-01
   3.7286948e-01
   3.7295379e-01
   3.7312397e-01
   3.7335951e-01
   3.7363433e-01
   3.7391847e-01
   3.7418073e-01
   3.7439228e-01
   3.7453039e-01
   3.7458186e-01
   3.7454421e-01
   3.7442317e-01
   3.7423128e-01
   3.7398503e-01
   3.7370246e-01
   3.7340020e-01
   3.7309446e-01
   3.7279709e-01
   3.7251479e-01
   3.7224876e-01
   3.7199947e-01
   3.7176695e-01
   3.7155464e-01
   3.7136948e-01
   3.7122164e-01
   3.7111619e-01
   3.7105005e-01
   3.7101161e-01
   3.7098326e-01
   3.7094350e-01
   3.7087496e-01
   3.7076934e-01
   3.7062673e-01
   3.7045216e-01
   3.7025210e-01
   3.7003127e-01
   3.6978921e-01
   3.6951819e-01
   3.6920630e-01
   3.6884290e-01
   3.6841991e-01
   3.6793566e-01
   3.6740556e-01
   3.6686123e-01
   3.6634553e-01
   3.6590752e-01
   3.6559194e-01
   3.6541574e-01
   3.6536433e-01
   3.6539359e-01
   3.6543884e-01
   3.6543169e-01
   3.6533165e-01
   3.6513124e-01
   3.6485449e-01
   3.6454909e-01
   3.6427043e-01
   3.6405354e-01
   3.6391134e-01
   3.6383822e-01
   3.6381176e-01
   3.6380106e-01
   3.6378332e-01
   3.6374390e-01
   3.6367288e-01
   3.6357007e-01
   3.6344526e-01
   3.6331224e-01
   3.6318642e-01
   3.6308487e-01
   3.6301835e-01
   3.6298740e-01
   3.6298276e-01
   3.6298915e-01
   3.6298732e-01
   3.6296010e-01
   3.6289338e-01
   3.6277597e-01
   3.6259711e-01
   3.6234495e-01
   3.6200554e-01
   3.6156891e-01
   3.6103370e-01
   3.6041212e-01
   3.5973364e-01
   3.5904351e-01
   3.5839263e-01
   3.5782851e-01
   3.5738356e-01
   3.5706487e-01
   3.5685229e-01
   3.5670534e-01
   3.5656946e-01
   3.5639188e-01
   3.5613563e-01
   3.5578596e-01
   3.5534945e-01
   3.5485467e-01
   3.5433875e-01
   3.5383657e-01
   3.5337329e-01
   3.5296272e-01
   3.5260340e-01
   3.5228522e-01
   3.5199398e-01
   3.5171724e-01
   3.5144626e-01
   3.5117782e-01
   3.5091335e-01
   3.5065781e-01
   3.5041566e-01
   3.5018760e-01
   3.4997039e-01
   3.4975546e-01
   3.4952933e-01
   3.4927713e-01
   3.4898785e-01
   3.4865721e-01
   3.4829101e-01
   3.4790640e-01
   3.4752805e-01
   3.4718159e-01
   3.4688615e-01
   3.4664736e-01
   3.4645287e-01
   3.4627359e-01
   3.4606959e-01
   3.4579912e-01
   3.4542848e-01
   3.4493953e-01
   3.4433452e-01
   3.4363621e-01
   3.4288401e-01
   3.4212675e-01
   3.4141695e-01
   3.4080209e-01
   3.4031658e-01
   3.3997701e-01
   3.3978057e-01
   3.3970278e-01
   3.3970253e-01
   3.3973133e-01
   3.3974185e-01
   3.3969625e-01
   3.3957610e-01
   3.3938327e-01
   3.3913501e-01
   3.3885613e-01
   3.3856993e-01
   3.3828808e-01
   3.3800809e-01
   3.3771526e-01
   3.3738916e-01
   3.3701230e-01
   3.3657430e-01
   3.3607366e-01
   3.3551901e-01
   3.3492552e-01
   3.3430668e-01
   3.3367499e-01
   3.3304037e-01
   3.3240522e-01
   3.3176481e-01
   3.3111480e-01
   3.3045194e-01
   3.2977622e-01
   3.2909502e-01
   3.2842284e-01
   3.2777395e-01
   3.2715688e-01
   3.2657161e-01
   3.2601053e-01
   3.2545949e-01
   3.2490360e-01
   3.2433351e-01
   3.2374818e-01
   3.2315043e-01
   3.2254699e-01
   3.2194606e-01
   3.2135506e-01
   3.2077790e-01
   3.2021753e-01
   3.1967467e-01
   3.1914798e-01
   3.1863358e-01
   3.1812970e-01
   3.1763867e-01
   3.1716955e-01
   3.1673879e-01
   3.1637130e-01
   3.1609287e-01
   3.1592521e-01
   3.1588017e-01
   3.1595501e-01
   3.1612613e-01
   3.1635437e-01
   3.1658696e-01
   3.1676367e-01
   3.1682565e-01
   3.1672862e-01
   3.1644532e-01
   3.1596990e-01
   3.1531811e-01
   3.1452178e-01
   3.1361801e-01
   3.1264248e-01
   3.1162469e-01
   3.1058403e-01
   3.0952997e-01
   3.0846688e-01
   3.0740276e-01
   3.0635215e-01
   3.0533884e-01
   3.0439661e-01
   3.0356717e-01
   3.0288704e-01
   3.0238091e-01
   3.0205786e-01
   3.0190801e-01
   3.0189668e-01
   3.0197447e-01
   3.0208387e-01
   3.0216143e-01
   3.0214404e-01
   3.0198456e-01
   3.0165210e-01
   3.0113246e-01
   3.0043395e-01
   2.9958331e-01
   2.9861259e-01
   2.9755554e-01
   2.9644592e-01
   2.9530926e-01
   2.9416606e-01
   2.9303711e-01
   2.9194604e-01
   2.9091718e-01
   2.8997916e-01
   2.8915953e-01
   2.8848043e-01
   2.8795179e-01
   2.8757105e-01
   2.8732011e-01
   2.8716748e-01
   2.8707135e-01
   2.8698921e-01
   2.8688291e-01
   2.8672478e-01
   2.8650162e-01
   2.8621573e-01
   2.8588040e-01
   2.8551256e-01
   2.8512628e-01
   2.8472837e-01
   2.8431774e-01
   2.8388505e-01
   2.8342163e-01
   2.8292532e-01
   2.8240134e-01
   2.8185976e-01
   2.8131680e-01
   2.8078640e-01
   2.8027563e-01
   2.7978447e-01
   2.7930758e-01
   2.7883132e-01
   2.7833890e-01
   2.7781454e-01
   2.7724825e-01
   2.7663891e-01
   2.7600113e-01
   2.7536312e-01
   2.7475942e-01
   2.7421925e-01
   2.7375860e-01
   2.7337085e-01
   2.7302630e-01
   2.7268343e-01
   2.7230408e-01
   2.7186442e-01
   2.7136270e-01
   2.7082274e-01
   2.7028304e-01
   2.6978406e-01
   2.6935708e-01
   2.6902127e-01
   2.6877888e-01
   2.6862178e-01
   2.6853736e-01
   2.6851562e-01
   2.6854640e-01
   2.6862160e-01
   2.6873149e-01
   2.6886364e-01
   2.6900065e-01
   2.6912547e-01
   2.6922138e-01
   2.6927551e-01
   2.6927957e-01
   2.6923095e-01
   2.6913032e-01
   2.6898321e-01
   2.6879880e-01
   2.6858911e-01
   2.6836704e-01
   2.6814548e-01
   2.6793484e-01
   2.6774209e-01
   2.6757055e-01
   2.6742212e-01
   2.6729741e-01
   2.6719518e-01
   2.6711167e-01
   2.6704024e-01
   2.6696952e-01
   2.6688603e-01
   2.6677763e-01
   2.6663659e-01
   2.6646117e-01
   2.6625751e-01
   2.6603678e-01
   2.6581225e-01
   2.6559657e-01
   2.6540066e-01
   2.6523158e-01
   2.6509260e-01
   2.6498396e-01
   2.6490409e-01
   2.6484915e-01
   2.6481399e-01
   2.6479345e-01
   2.6478204e-01
   2.6477299e-01
   2.6475833e-01
   2.6472938e-01
   2.6467618e-01
   2.6458790e-01
   2.6445433e-01
   2.6426794e-01
   2.6402458e-01
   2.6372550e-01
   2.6338028e-01
   2.6300622e-01
   2.6262606e-01
   2.6226555e-01
   2.6194864e-01
   2.6168999e-01
   2.6149270e-01
   2.6134835e-01
   2.6123896e-01
   2.6114169e-01
   2.6103789e-01
   2.6091861e-01
   2.6078642e-01
   2.6065445e-01
   2.6054355e-01
   2.6047370e-01
   2.6045589e-01
   2.6048965e-01
   2.6056338e-01
   2.6065603e-01
   2.6074390e-01
   2.6080874e-01
   2.6084080e-01
   2.6083908e-01
   2.6081067e-01
   2.6076816e-01
   2.6072609e-01
   2.6069772e-01
   2.6069579e-01
   2.6073262e-01
   2.6081725e-01
   2.6095266e-01
   2.6113735e-01
   2.6136177e-01
   2.6160778e-01
   2.6185397e-01
   2.6208284e-01
   2.6228160e-01
   2.6244712e-01
   2.6258726e-01
   2.6271721e-01
   2.6285107e-01
   2.6299971e-01
   2.6316667e-01
   2.6334613e-01
   2.6352279e-01
   2.6367937e-01
   2.6379859e-01
   2.6386688e-01
   2.6387769e-01
   2.6383462e-01
   2.6374795e-01
   2.6363411e-01
   2.6351321e-01
   2.6340602e-01
   2.6333086e-01
   2.6330173e-01
   2.6332642e-01
   2.6340548e-01
   2.6353175e-01
   2.6368942e-01
   2.6385817e-01
   2.6401617e-01
   2.6414280e-01
   2.6422248e-01
   2.6425031e-01
   2.6422959e-01
   2.6416964e-01
   2.6408523e-01
   2.6399258e-01
   2.6390268e-01
   2.6382110e-01
   2.6374927e-01
   2.6368248e-01
   2.6361190e-01
   2.6352896e-01
   2.6342711e-01
   2.6330110e-01
   2.6315048e-01
   2.6297989e-01
   2.6279801e-01
   2.6261543e-01
   2.6244517e-01
   2.6229832e-01
   2.6218234e-01
   2.6209968e-01
   2.6204873e-01
   2.6202198e-01
   2.6200980e-01
   2.6200179e-01
   2.6198812e-01
   2.6196005e-01
   2.6191356e-01
   2.6184621e-01
   2.6175669e-01
   2.6164510e-01
   2.6151147e-01
   2.6135341e-01
   2.6116966e-01
   2.6096065e-01
   2.6072739e-01
   2.6047358e-01
   2.6020460e-01
   2.5992364e-01
   2.5963086e-01
   2.5932376e-01
   2.5899545e-01
   2.5863785e-01
   2.5824521e-01
   2.5781580e-01
   2.5735342e-01
   2.5686887e-01
   2.5637675e-01
   2.5589280e-01
   2.5543121e-01
   2.5500111e-01
   2.5460442e-01
   2.5423865e-01
   2.5389839e-01
   2.5357794e-01
   2.5327457e-01
   2.5299012e-01
   2.5272726e-01
   2.5248739e-01
   2.5226850e-01
   2.5206355e-01
   2.5186065e-01
   2.5164749e-01
   2.5141468e-01
   2.5115863e-01
   2.5088340e-01
   2.5060073e-01
   2.5032812e-01
   2.5008622e-01
   2.4989483e-01
   2.4976894e-01
   2.4971647e-01
   2.4973517e-01
   2.4981292e-01
   2.4993084e-01
   2.5006658e-01
   2.5019686e-01
   2.5030338e-01
   2.5037406e-01
   2.5040292e-01
   2.5039018e-01
   2.5034195e-01
   2.5026551e-01
   2.5016763e-01
   2.5005252e-01
   2.4992016e-01
   2.4976596e-01
   2.4958355e-01
   2.4936670e-01
   2.4911240e-01
   2.4882202e-01
   2.4850105e-01
   2.4815805e-01
   2.4780260e-01
   2.4744374e-01
   2.4708635e-01
   2.4673682e-01
   2.4638930e-01
   2.4605663e-01
