25.0 0.1794797029287722 
28.75 0.1671785551401286 
32.5 0.1563509111131796 
36.25 0.1466399402963581 
40.0 0.1377963506369778 
43.75 0.1296385041226796 
47.5 0.1220291598427439 
51.25 0.1148611236917164 
55.0 0.108047933574341 
58.75 0.1015175011147271 
62.5 0.09520751659894085 
66.25 0.08906187548790098 
70.0 0.08302760628797383 
73.75 0.07705185469143229 
77.5 0.071078421748209 
81.25 0.06504310641890411 
85.0 0.05886646505878128 
88.75 0.05244096959695578 
92.5 0.04560491044530178 
96.25 0.03807956033123924 
100.0 0.02927317910595962 
103.75 0.01723459125481047 
107.5 0 
111.25 0 
115.0 0 
118.75 0 
122.5 0 
126.25 0 
130.0 0 
133.75 0 
137.5 0 
141.25 0 
145.0 0 
148.75 0 
152.5 0 
156.25 0 
160.0 0 
163.75 0 
167.5 0 
171.25 0 
175.0 0 
178.75 0 
182.5 0 
186.25 0 
190.0 0 
193.75 0 
197.5 0 
201.25 0 
205.0 0 
208.75 0 
212.5 0 
216.25 0 
220.0 0 
223.75 0 
227.5 0 
231.25 0 
235.0 0 
238.75 0 
242.5 0 
246.25 0 
250.0 0 
253.75 0 
257.5 0 
261.25 0 
265.0 0 
268.75 0 
272.5 0 
276.25 0 
280.0 0 
283.75 0 
287.5 0 
291.25 0 
295.0 0 
298.75 0 
302.5 0 
306.25 0 
310.0 0 
313.75 0 
317.5 0 
321.25 0 
325.0 0 
328.75 0 
332.5 0 
336.25 0 
340.0 0 
343.75 0 
347.5 0 
351.25 0 
355.0 0 
358.75 0 
362.5 0 
366.25 0 
370.0 0 
373.75 0 
377.5 0 
381.25 0 
385.0 0 
388.75 0 
392.5 0 
396.25 0 
