0.01 10.1519752556263 -3.042578024107147e-14
0.0199 7.306297598827898 -4.039448467979226e-9
0.0298 6.063381939766892 -7.278312564260142e-6
0.0397 5.337362837060843 -2.5497906208103205e-4
0.0496 4.854752480807121 -.001885950181736125
0.0595 4.509216083629399 -.006518438678028877
.06939999999999999 4.248654657995393 -.01486633981845794
.07929999999999998 4.044083926075126 -0.0265735832810983
.08919999999999997 3.878225959181705 -.04083012635874132
.09909999999999997 3.740259724453302 -0.0568217420220259
0.109 3.623106845457374 -.07389095242016812
0.1189 3.521951397080613 -.09155276123475799
.1287999999999999 3.433400702500017 -.1094644552658524
.1386999999999999 3.354991235592213 -.1273895319077653
.1485999999999999 3.28488673488546 -.1451675558562444
.1584999999999999 3.221687202725927 -0.162691626936857
.1683999999999999 3.16430413535761 -.1798922669846359
.1782999999999999 3.111876636055714 -.1967260986719219
.1881999999999999 3.063713543073848 -.2131679344476997
.1980999999999999 3.019252575690202 -.2292052461729732
.2079999999999999 2.978030895035188 -.2448342869326646
.2178999999999999 2.939663496192193 -.2600573601496909
.2277999999999999 2.903827083737599 -.2748808885479174
.2376999999999999 2.870247858249194 -.2893140438320527
.2475999999999998 2.838692139286199 -.3033677718419672
.2574999999999998 2.808959077098243 -.3170540983959673
.2673999999999999 2.78087492392271 -.3303856354843224
.2772999999999999 2.75428848467448 -.3433752312406752
.2871999999999999 2.72906746997756 -.3560357235513112
.2970999999999999 2.705095547026714 -.3683797686360508
.3069999999999999 2.682269935500642 -.3804197239987473
0.3169 2.660499433126998 -.3921675708550171
0.3268 2.639702782835157 -.4036348652160912
0.3367 2.619807313649632 -.4148327097297421
0.3466 2.600747802585067 -.4257717404908959
0.3565 2.582465516206715 -.4364621245677029
.3664000000000001 2.564907399203824 -.4469135651100152
.3763000000000001 2.548025383994325 -.4571353117296121
.3862000000000001 2.531775800544917 -.4671361744480229
.3961000000000001 2.516118869620981 -.4769245399567443
.4060000000000001 2.501018265848131 -.4865083892681648
.4159000000000002 2.48644073947324 -.4958953160833232
.4258000000000002 2.47235578770776 -.5050925453879931
.4357000000000002 2.458735368134722 -.5141069519265439
.4456000000000002 2.44555364794798 -.5229450783065369
.4555000000000002 2.4327867838357 -.5316131525636663
.4654000000000003 2.420412728168936 -.5401171050744671
.4753000000000003 2.408411057851331 -.5484625847463865
.4852000000000003 2.396762822756928 -0.556654974446683
.4951000000000003 2.385450411155017 -.5646994056543614
.5050000000000003 2.374457429912025 -.5726007723362685
.5149000000000004 2.363768597586205 -.5803637440603664
.5248000000000004 2.35336964880326 -.5879927783674943
.5347000000000004 2.343247248529502 -.5954921324286088
.5446000000000004 2.333388915051533 -.6028658740181421
.5545000000000004 2.323782950634169 -.6101178918360209
.5644000000000005 2.314418378966039 -.6172519052121662
.5743000000000005 2.305284888619669 -.6242714732271182
.5842000000000005 2.296372781852889 -.6311800032822655
.5941000000000005 2.287672928163918 -.6379807591521515
.6040000000000005 2.279176722086078 -.6446768685502555
.6139000000000006 2.270876044771169 -.6512713302382666
.6238000000000006 2.262763228965171 -.6577670207075699
.6337000000000006 2.25483102702701 -.6641667004599519
.6436000000000006 2.247072581682138 -.6704730199132046
.6535000000000006 2.239481399238101 -.6766885249557405
.6634000000000007 2.23205132502032 -0.682815662172855
.6733000000000007 2.224776520813353 -.6888567837658283
.6832000000000007 2.217651444116455 -.6948141521838087
.6931000000000007 2.210670829043184 -.7006899444869731
.7030000000000007 2.203829668712787 -.7064862564583595
.7129000000000008 2.197123198997388 -.7122051064805287
.7228000000000008 2.190546883502956 -.7178484391921814
.7327000000000008 2.184096399674651 -.7234181289387438
.7426000000000008 2.177767625928157 -0.728915983030124
.7525000000000008 2.171556629718459 -0.734343744817784
.7624000000000009 2.165459656466215 -.7397030966025491
.7723000000000009 2.159473119269636 -.7449956623837718
.7822000000000009 2.153593589336735 -0.750223010459725
.7921000000000009 2.147817787078909 -.7553866558884417
.8020000000000009 2.14214257381238 -.7604880628175952
0.811900000000001 2.136564944018988 -.7655286466914152
0.821800000000001 2.131082018122147 -.7705097763421216
0.831700000000001 2.12569103573789 -.7754327759728423
0.841600000000001 2.120389349364361 -.7802989270385042
0.851500000000001 2.115174418476483 -.7851094700307509
0.861400000000001 2.11004380399525 -.7898656061725998
.8713000000000011 2.104995163103877 -.7945684990280858
.8812000000000011 2.100026244385286 -.7992192760318464
.8911000000000011 2.095134883257614 -.8038190299432809
.9010000000000011 2.090318997686339 -.8083688202296011
.9109000000000012 2.085576584153364 -.8128696743818209
.9208000000000012 2.080905713865029 -.8173225891674599
.9307000000000012 2.076304529182441 -.8217285318235261
.9406000000000012 2.071771240258848 -.8260884411930814
.9505000000000012 2.067304121869983 -.8304032288085025
.9604000000000013 2.062901510424371 -.8346737799243726
.9703000000000013 2.058561801141632 -.8389009545027273
.9802000000000013 2.054283445387728 -.8430855881532235
.9901000000000013 2.050064948156862 -.8472284930306525
1.000000000000001 2.045904865690625 -.8513304586920577
