0.1 1.83846 -0.122616
0.2 1.45508 -0.113993
0.3 1.23703 -0.0946975
0.4 1.0941 -0.0793306
0.5 0.991418 -0.0678263
0.6 0.9131 -0.0590857
0.7 0.85083 -0.0522769
0.8 0.799783 -0.0468445
0.9 0.756948 -0.0424184
1 0.720336 -0.0387473
1.1 0.688571 -0.0356553
1.2 0.660671 -0.0330168
1.3 0.63591 -0.0307395
1.4 0.613741 -0.0287545
1.5 0.59374 -0.0270092
1.6 0.575576 -0.0254628
1.7 0.558983 -0.0240834
1.8 0.543748 -0.0228453
1.9 0.529694 -0.0217279
2 0.516677 -0.0207145
2.1 0.504575 -0.0197912
2.2 0.493285 -0.0189465
2.3 0.482721 -0.0181709
2.4 0.472808 -0.0174562
2.5 0.463481 -0.0167955
2.6 0.454686 -0.0161829
2.7 0.446373 -0.0156134
2.8 0.4385 -0.0150825
2.9 0.43103 -0.0145866
3 0.423929 -0.0141221
3.1 0.417167 -0.0136863
3.2 0.41072 -0.0132766
3.3 0.404562 -0.0128907
3.4 0.398673 -0.0125266
3.5 0.393034 -0.0121824
3.6 0.387628 -0.0118567
3.7 0.382439 -0.0115479
3.8 0.377453 -0.0112547
3.9 0.372657 -0.0109761
4 0.368039 -0.0107109
4.1 0.363589 -0.0104583
4.2 0.359297 -0.0102172
4.3 0.355153 -0.00998706
4.4 0.351149 -0.00976703
4.5 0.347277 -0.00955648
4.6 0.343531 -0.00935481
4.7 0.339904 -0.00916147
4.8 0.336389 -0.00897596
4.9 0.332981 -0.00879781
5 0.329674 -0.00862659
5.1 0.326464 -0.0084619
5.2 0.323346 -0.00830339
5.3 0.320316 -0.0081507
5.4 0.317369 -0.00800353
5.5 0.314503 -0.00786157
5.6 0.311712 -0.00772456
5.7 0.308995 -0.00759224
5.8 0.306347 -0.00746438
5.9 0.303766 -0.00734075
6 0.30125 -0.00722115
6.1 0.298795 -0.00710539
6.2 0.296399 -0.00699327
6.3 0.294059 -0.00688464
6.4 0.291775 -0.00677933
6.5 0.289542 -0.0066772
6.6 0.28736 -0.00657809
6.7 0.285227 -0.00648189
6.8 0.283141 -0.00638845
6.9 0.2811 -0.00629767
7 0.279102 -0.00620944
7.1 0.277146 -0.00612364
7.2 0.275231 -0.00604018
7.3 0.273355 -0.00595897
7.4 0.271516 -0.00587991
7.5 0.269715 -0.00580292
7.6 0.267949 -0.00572792
7.7 0.266217 -0.00565483
7.8 0.264518 -0.00558358
7.9 0.262851 -0.00551411
8 0.261216 -0.00544634
8.1 0.25961 -0.00538022
8.2 0.258034 -0.00531569
8.3 0.256486 -0.00525268
8.4 0.254966 -0.00519116
8.5 0.253472 -0.00513105
8.6 0.252005 -0.00507232
8.7 0.250562 -0.00501492
8.8 0.249144 -0.00495881
8.9 0.24775 -0.00490394
9 0.246379 -0.00485026
9.1 0.245031 -0.00479775
9.2 0.243704 -0.00474637
9.3 0.242399 -0.00469607
9.4 0.241114 -0.00464683
9.5 0.23985 -0.00459861
9.6 0.238605 -0.00455138
9.7 0.23738 -0.00450511
9.8 0.236173 -0.00445977
9.9 0.234985 -0.00441534
10 0.233814 -0.00437178
