0.0001 0.223617 -4.39968e-06
0.000120802 0.22362 -5.31489e-06
0.000143568 0.223622 -6.31651e-06
0.000168298 0.223625 -7.40454e-06
0.000194992 0.223627 -8.57899e-06
0.000223651 0.22363 -9.83984e-06
0.000254273 0.223634 -1.11871e-05
0.00028686 0.223637 -1.26208e-05
0.000321411 0.223641 -1.41408e-05
0.000357925 0.223645 -1.57473e-05
0.000396405 0.223649 -1.74402e-05
0.000436848 0.223653 -1.92195e-05
0.000479255 0.223657 -2.10852e-05
0.000523626 0.223662 -2.30373e-05
0.000569962 0.223667 -2.50758e-05
0.000618262 0.223672 -2.72006e-05
0.000668525 0.223677 -2.94119e-05
0.000720753 0.223683 -3.17096e-05
0.000774945 0.223688 -3.40936e-05
0.000831101 0.223694 -3.65641e-05
0.000889222 0.223701 -3.91209e-05
0.000949306 0.223707 -4.17642e-05
0.00101135 0.223713 -4.44938e-05
0.00107537 0.22372 -4.73098e-05
0.00114134 0.223727 -5.02122e-05
0.00120928 0.223734 -5.32009e-05
0.00127919 0.223742 -5.6276e-05
0.00135106 0.223749 -5.94375e-05
0.00142489 0.223757 -6.26854e-05
0.00150069 0.223765 -6.60197e-05
0.00157845 0.223773 -6.94403e-05
0.00165818 0.223781 -7.29472e-05
0.00173987 0.22379 -7.65406e-05
0.00182352 0.223799 -8.02203e-05
0.00190914 0.223808 -8.39863e-05
0.00199672 0.223817 -8.78387e-05
0.00208627 0.223827 -9.17774e-05
0.00217778 0.223836 -9.58025e-05
0.00227125 0.223846 -9.9914e-05
0.00236669 0.223856 -0.000104112
0.00246409 0.223866 -0.000108396
0.00256346 0.223877 -0.000112766
0.00266479 0.223887 -0.000117223
0.00276809 0.223898 -0.000121766
0.00287335 0.223909 -0.000126396
0.00298057 0.223921 -0.000131111
0.00308976 0.223932 -0.000135913
0.00320091 0.223944 -0.000140802
0.00331402 0.223956 -0.000145777
0.0034291 0.223968 -0.000150838
0.00354615 0.22398 -0.000155985
0.00366516 0.223993 -0.000161218
0.00378613 0.224005 -0.000166538
0.00390907 0.224018 -0.000171945
0.00403397 0.224031 -0.000177437
0.00416083 0.224045 -0.000183016
0.00428966 0.224058 -0.000188681
0.00442045 0.224072 -0.000194432
0.00455321 0.224086 -0.00020027
0.00468793 0.2241 -0.000206194
0.00482462 0.224115 -0.000212204
0.00496327 0.224129 -0.0002183
0.00510388 0.224144 -0.000224483
0.00524646 0.224159 -0.000230751
0.005391 0.224174 -0.000237107
0.00553751 0.224189 -0.000243548
0.00568598 0.224205 -0.000250075
0.00583641 0.224221 -0.000256689
0.00598881 0.224237 -0.000263389
0.00614317 0.224253 -0.000270175
0.0062995 0.224269 -0.000277048
0.00645779 0.224286 -0.000284007
0.00661804 0.224303 -0.000291051
0.00678026 0.22432 -0.000298182
0.00694444 0.224337 -0.0003054
0.00711059 0.224355 -0.000312703
0.0072787 0.224372 -0.000320093
0.00744878 0.22439 -0.000327569
0.00762082 0.224408 -0.00033513
0.00779482 0.224426 -0.000342779
0.00797079 0.224445 -0.000350513
0.00814872 0.224463 -0.000358333
0.00832862 0.224482 -0.00036624
0.00851048 0.224501 -0.000374233
0.0086943 0.224521 -0.000382311
0.00888009 0.22454 -0.000390476
0.00906784 0.22456 -0.000398727
0.00925756 0.22458 -0.000407065
0.00944924 0.2246 -0.000415488
0.00964289 0.22462 -0.000423997
0.0098385 0.224641 -0.000432593
0.0100361 0.224661 -0.000441275
0.0102356 0.224682 -0.000450042
0.0104371 0.224703 -0.000458896
0.0106406 0.224725 -0.000467836
0.010846 0.224746 -0.000476862
0.0110534 0.224768 -0.000485974
0.0112628 0.22479 -0.000495172
0.0114741 0.224812 -0.000504456
0.0116874 0.224834 -0.000513826
0.0119026 0.224857 -0.000523282
0.0121198 0.224879 -0.000532824
0.012339 0.224902 -0.000542452
0.0125601 0.224925 -0.000552166
0.0127833 0.224949 -0.000561967
0.0130083 0.224972 -0.000571853
0.0132354 0.224996 -0.000581825
0.0134644 0.22502 -0.000591883
0.0136953 0.225044 -0.000602027
0.0139283 0.225068 -0.000612257
0.0141631 0.225093 -0.000622573
0.0144 0.225118 -0.000632975
0.0146388 0.225142 -0.000643463
0.0148796 0.225168 -0.000654037
0.0151224 0.225193 -0.000664697
0.0153671 0.225218 -0.000675442
0.0156137 0.225244 -0.000686274
0.0158624 0.22527 -0.000697191
0.016113 0.225296 -0.000708195
0.0163656 0.225323 -0.000719284
0.0166201 0.225349 -0.000730459
0.0168766 0.225376 -0.00074172
0.017135 0.225403 -0.000753067
0.0173955 0.22543 -0.0007645
0.0176579 0.225457 -0.000776018
0.0179222 0.225485 -0.000787622
0.0181885 0.225513 -0.000799313
0.0184568 0.225541 -0.000811089
0.0187271 0.225569 -0.00082295
0.0189993 0.225597 -0.000834898
0.0192734 0.225626 -0.000846931
0.0195496 0.225654 -0.000859051
0.0198277 0.225683 -0.000871256
0.0201078 0.225712 -0.000883546
0.0203898 0.225742 -0.000895923
0.0206738 0.225771 -0.000908385
0.0209597 0.225801 -0.000920933
0.0212477 0.225831 -0.000933567
0.0215375 0.225861 -0.000946286
0.0218294 0.225891 -0.000959091
0.0221232 0.225922 -0.000971982
0.022419 0.225953 -0.000984958
0.0227167 0.225984 -0.00099802
0.0230164 0.226015 -0.00101117
0.0233181 0.226046 -0.0010244
0.0236218 0.226077 -0.00103772
0.0239274 0.226109 -0.00105113
0.0242349 0.226141 -0.00106462
0.0245444 0.226173 -0.00107819
0.0248559 0.226206 -0.00109185
0.0251694 0.226238 -0.0011056
0.0254848 0.226271 -0.00111943
0.0258022 0.226304 -0.00113335
0.0261215 0.226337 -0.00114736
0.0264429 0.22637 -0.00116144
0.0267661 0.226404 -0.00117562
0.0270914 0.226437 -0.00118988
0.0274186 0.226471 -0.00120423
0.0277478 0.226505 -0.00121866
0.0280789 0.226539 -0.00123318
0.028412 0.226574 -0.00124778
0.028747 0.226609 -0.00126247
0.0290841 0.226643 -0.00127724
0.0294231 0.226678 -0.0012921
0.029764 0.226714 -0.00130704
0.0301069 0.226749 -0.00132207
0.0304518 0.226785 -0.00133719
0.0307987 0.226821 -0.00135239
0.0311475 0.226857 -0.00136767
0.0314983 0.226893 -0.00138305
0.031851 0.226929 -0.0013985
0.0322057 0.226966 -0.00141404
0.0325624 0.227003 -0.00142967
0.032921 0.22704 -0.00144539
0.0332816 0.227077 -0.00146118
0.0336442 0.227114 -0.00147707
0.0340087 0.227152 -0.00149304
0.0343752 0.22719 -0.00150909
0.0347436 0.227228 -0.00152523
0.035114 0.227266 -0.00154145
0.0354864 0.227304 -0.00155776
0.0358608 0.227343 -0.00157416
0.0362371 0.227381 -0.00159064
0.0366153 0.22742 -0.00160721
0.0369956 0.227459 -0.00162386
0.0373778 0.227499 -0.00164059
0.0377619 0.227538 -0.00165741
0.0381481 0.227578 -0.00167432
0.0385362 0.227618 -0.00169131
0.0389262 0.227658 -0.00170839
0.0393182 0.227698 -0.00172555
0.0397122 0.227739 -0.0017428
0.0401082 0.227779 -0.00176013
0.0405061 0.22782 -0.00177755
0.040906 0.227861 -0.00179505
0.0413078 0.227903 -0.00181264
0.0417116 0.227944 -0.00183031
0.0421174 0.227986 -0.00184807
0.0425251 0.228027 -0.00186591
0.0429348 0.228069 -0.00188384
0.0433465 0.228112 -0.00190185
0.0437601 0.228154 -0.00191995
0.0441757 0.228197 -0.00193813
0.0445933 0.228239 -0.0019564
0.0450128 0.228282 -0.00197475
0.0454343 0.228325 -0.00199319
0.0458577 0.228369 -0.00201171
0.0462831 0.228412 -0.00203031
0.0467105 0.228456 -0.00204901
0.0471398 0.2285 -0.00206778
0.0475711 0.228544 -0.00208665
0.0480044 0.228588 -0.00210559
0.0484396 0.228633 -0.00212462
0.0488768 0.228677 -0.00214374
0.049316 0.228722 -0.00216294
0.0497571 0.228767 -0.00218223
0.0502002 0.228812 -0.0022016
0.0506453 0.228858 -0.00222105
0.0510923 0.228903 -0.00224059
0.0515413 0.228949 -0.00226022
0.0519922 0.228995 -0.00227993
0.0524451 0.229041 -0.00229972
0.0529 0.229087 -0.0023196
0.0533568 0.229134 -0.00233957
0.0538156 0.229181 -0.00235961
0.0542764 0.229228 -0.00237975
0.0547391 0.229275 -0.00239996
0.0552038 0.229322 -0.00242027
0.0556705 0.229369 -0.00244065
0.0561391 0.229417 -0.00246113
0.0566097 0.229465 -0.00248168
0.0570822 0.229513 -0.00250232
0.0575568 0.229561 -0.00252305
0.0580332 0.229609 -0.00254386
0.0585117 0.229658 -0.00256475
0.0589921 0.229707 -0.00258573
0.0594745 0.229756 -0.00260679
0.0599588 0.229805 -0.00262794
0.0604451 0.229854 -0.00264917
0.0609334 0.229904 -0.00267049
0.0614236 0.229953 -0.00269189
0.0619158 0.230003 -0.00271338
0.0624099 0.230053 -0.00273495
0.0629061 0.230103 -0.0027566
0.0634041 0.230154 -0.00277834
0.0639042 0.230204 -0.00280016
0.0644062 0.230255 -0.00282207
0.0649102 0.230306 -0.00284406
0.0654161 0.230357 -0.00286614
0.065924 0.230408 -0.0028883
0.0664339 0.23046 -0.00291054
0.0669457 0.230512 -0.00293287
0.0674595 0.230563 -0.00295528
0.0679753 0.230615 -0.00297778
0.068493 0.230668 -0.00300036
0.0690127 0.23072 -0.00302302
0.0695344 0.230773 -0.00304577
0.070058 0.230825 -0.00306861
0.0705836 0.230878 -0.00309152
0.0711111 0.230931 -0.00311453
0.0716406 0.230985 -0.00313761
0.0721721 0.231038 -0.00316078
0.0727055 0.231092 -0.00318404
0.0732409 0.231146 -0.00320737
0.0737783 0.2312 -0.0032308
0.0743176 0.231254 -0.0032543
0.0748589 0.231308 -0.00327789
0.0754022 0.231363 -0.00330157
0.0759474 0.231418 -0.00332532
0.0764946 0.231473 -0.00334917
0.0770438 0.231528 -0.00337309
0.0775949 0.231583 -0.0033971
0.078148 0.231638 -0.0034212
0.078703 0.231694 -0.00344537
0.07926 0.23175 -0.00346964
0.079819 0.231806 -0.00349398
0.0803799 0.231862 -0.00351841
0.0809428 0.231918 -0.00354292
0.0815077 0.231975 -0.00356752
0.0820745 0.232031 -0.0035922
0.0826433 0.232088 -0.00361696
0.0832141 0.232145 -0.00364181
0.0837868 0.232203 -0.00366674
0.0843615 0.23226 -0.00369176
0.0849381 0.232317 -0.00371686
0.0855167 0.232375 -0.00374204
0.0860973 0.232433 -0.0037673
0.0866798 0.232491 -0.00379265
0.0872644 0.232549 -0.00381809
0.0878508 0.232608 -0.0038436
0.0884393 0.232667 -0.0038692
0.0890297 0.232725 -0.00389489
0.089622 0.232784 -0.00392066
0.0902163 0.232843 -0.00394651
0.0908126 0.232903 -0.00397244
0.0914109 0.232962 -0.00399846
0.0920111 0.233022 -0.00402456
0.0926133 0.233082 -0.00405075
0.0932174 0.233142 -0.00407701
0.0938236 0.233202 -0.00410336
0.0944316 0.233262 -0.0041298
0.0950417 0.233323 -0.00415632
0.0956537 0.233383 -0.00418292
0.0962676 0.233444 -0.0042096
0.0968836 0.233505 -0.00423637
0.0975015 0.233567 -0.00426322
0.0981213 0.233628 -0.00429016
0.0987432 0.233689 -0.00431718
0.0993669 0.233751 -0.00434428
0.0999927 0.233813 -0.00437146
0.10062 0.233875 -0.00439873
0.10125 0.233937 -0.00442608
0.101882 0.234 -0.00445351
0.102515 0.234062 -0.00448103
0.103151 0.234125 -0.00450863
0.103788 0.234188 -0.00453631
0.104428 0.234251 -0.00456408
0.105069 0.234314 -0.00459193
0.105713 0.234378 -0.00461986
0.106358 0.234441 -0.00464787
0.107006 0.234505 -0.00467597
0.107655 0.234569 -0.00470415
0.108306 0.234633 -0.00473242
0.108959 0.234697 -0.00476076
0.109615 0.234762 -0.00478919
0.110272 0.234826 -0.0048177
0.110931 0.234891 -0.0048463
0.111592 0.234956 -0.00487498
0.112255 0.235021 -0.00490374
0.11292 0.235086 -0.00493258
0.113587 0.235152 -0.00496151
0.114256 0.235217 -0.00499052
0.114927 0.235283 -0.00501961
0.1156 0.235349 -0.00504878
0.116275 0.235415 -0.00507804
0.116952 0.235481 -0.00510738
0.11763 0.235548 -0.0051368
0.118311 0.235614 -0.00516631
0.118994 0.235681 -0.0051959
0.119679 0.235748 -0.00522557
0.120365 0.235815 -0.00525532
0.121054 0.235882 -0.00528515
0.121744 0.23595 -0.00531507
0.122437 0.236017 -0.00534507
0.123131 0.236085 -0.00537515
0.123828 0.236153 -0.00540532
0.124526 0.236221 -0.00543557
0.125227 0.236289 -0.0054659
0.125929 0.236357 -0.00549631
0.126633 0.236426 -0.0055268
0.12734 0.236495 -0.00555738
0.128048 0.236564 -0.00558804
0.128758 0.236633 -0.00561878
0.12947 0.236702 -0.0056496
0.130184 0.236771 -0.00568051
0.130901 0.236841 -0.0057115
0.131619 0.23691 -0.00574257
0.132339 0.23698 -0.00577372
0.133061 0.23705 -0.00580496
0.133785 0.23712 -0.00583627
0.134511 0.237191 -0.00586767
0.135238 0.237261 -0.00589915
0.135968 0.237332 -0.00593071
0.1367 0.237402 -0.00596236
0.137434 0.237473 -0.00599409
0.13817 0.237544 -0.0060259
0.138907 0.237616 -0.00605779
0.139647 0.237687 -0.00608976
0.140389 0.237759 -0.00612181
0.141132 0.23783 -0.00615395
0.141878 0.237902 -0.00618617
0.142625 0.237974 -0.00621847
0.143375 0.238047 -0.00625085
0.144126 0.238119 -0.00628331
0.14488 0.238192 -0.00631586
0.145635 0.238264 -0.00634849
0.146392 0.238337 -0.0063812
0.147152 0.23841 -0.00641399
0.147913 0.238483 -0.00644686
0.148676 0.238556 -0.00647981
0.149441 0.23863 -0.00651285
0.150209 0.238704 -0.00654597
0.150978 0.238777 -0.00657917
0.151749 0.238851 -0.00661245
0.152522 0.238925 -0.00664581
0.153297 0.238999 -0.00667925
0.154074 0.239074 -0.00671278
0.154853 0.239148 -0.00674638
0.155634 0.239223 -0.00678007
0.156417 0.239298 -0.00681384
0.157202 0.239373 -0.00684769
0.157988 0.239448 -0.00688162
0.158777 0.239523 -0.00691564
0.159568 0.239599 -0.00694973
0.160361 0.239674 -0.00698391
0.161155 0.23975 -0.00701816
0.161952 0.239826 -0.0070525
0.16275 0.239902 -0.00708692
0.163551 0.239978 -0.00712142
0.164354 0.240055 -0.007156
0.165158 0.240131 -0.00719067
0.165964 0.240208 -0.00722541
0.166773 0.240285 -0.00726024
0.167583 0.240362 -0.00729514
0.168396 0.240439 -0.00733013
0.16921 0.240516 -0.0073652
0.170026 0.240593 -0.00740035
0.170844 0.240671 -0.00743558
0.171665 0.240749 -0.00747089
0.172487 0.240827 -0.00750628
0.173311 0.240905 -0.00754176
0.174137 0.240983 -0.00757731
0.174965 0.241061 -0.00761294
0.175795 0.24114 -0.00764866
0.176627 0.241218 -0.00768446
0.177461 0.241297 -0.00772033
0.178297 0.241376 -0.00775629
0.179135 0.241455 -0.00779233
0.179975 0.241534 -0.00782845
0.180816 0.241613 -0.00786465
0.18166 0.241693 -0.00790093
0.182506 0.241772 -0.00793729
0.183354 0.241852 -0.00797373
0.184203 0.241932 -0.00801025
0.185055 0.242012 -0.00804686
0.185909 0.242092 -0.00808354
0.186764 0.242173 -0.0081203
0.187622 0.242253 -0.00815715
0.188481 0.242334 -0.00819407
0.189343 0.242415 -0.00823108
0.190206 0.242496 -0.00826816
0.191071 0.242577 -0.00830533
0.191939 0.242658 -0.00834257
0.192808 0.242739 -0.0083799
0.193679 0.242821 -0.00841731
0.194553 0.242902 -0.00845479
0.195428 0.242984 -0.00849236
0.196305 0.243066 -0.00853001
0.197184 0.243148 -0.00856773
0.198065 0.24323 -0.00860554
0.198948 0.243313 -0.00864343
0.199833 0.243395 -0.0086814
0.20072 0.243478 -0.00871944
0.201609 0.243561 -0.00875757
0.2025 0.243644 -0.00879578
0.203393 0.243727 -0.00883407
0.204288 0.24381 -0.00887243
0.205185 0.243893 -0.00891088
0.206083 0.243977 -0.00894941
0.206984 0.24406 -0.00898801
0.207887 0.244144 -0.0090267
0.208791 0.244228 -0.00906547
0.209698 0.244312 -0.00910431
0.210607 0.244396 -0.00914324
0.211517 0.24448 -0.00918225
0.21243 0.244565 -0.00922133
0.213344 0.244649 -0.0092605
0.214261 0.244734 -0.00929974
0.215179 0.244819 -0.00933907
0.216099 0.244904 -0.00937847
0.217022 0.244989 -0.00941795
0.217946 0.245074 -0.00945752
0.218872 0.24516 -0.00949716
0.2198 0.245245 -0.00953688
0.220731 0.245331 -0.00957668
0.221663 0.245417 -0.00961656
0.222597 0.245503 -0.00965652
0.223533 0.245589 -0.00969656
0.224471 0.245675 -0.00973668
0.225411 0.245762 -0.00977688
0.226353 0.245848 -0.00981716
0.227297 0.245935 -0.00985751
0.228243 0.246021 -0.00989795
0.229191 0.246108 -0.00993846
0.230141 0.246195 -0.00997906
0.231092 0.246283 -0.0100197
0.232046 0.24637 -0.0100605
0.233002 0.246457 -0.0101013
0.23396 0.246545 -0.0101422
0.234919 0.246633 -0.0101832
0.235881 0.24672 -0.0102243
0.236844 0.246808 -0.0102654
0.23781 0.246896 -0.0103067
0.238778 0.246985 -0.010348
0.239747 0.247073 -0.0103893
0.240718 0.247161 -0.0104308
0.241692 0.24725 -0.0104723
0.242667 0.247339 -0.010514
0.243645 0.247428 -0.0105557
0.244624 0.247517 -0.0105974
0.245605 0.247606 -0.0106393
0.246588 0.247695 -0.0106812
0.247573 0.247784 -0.0107232
0.248561 0.247874 -0.0107653
0.24955 0.247964 -0.0108075
0.250541 0.248053 -0.0108498
0.251534 0.248143 -0.0108921
0.252529 0.248233 -0.0109345
0.253526 0.248324 -0.010977
0.254525 0.248414 -0.0110195
0.255526 0.248504 -0.0110622
0.256529 0.248595 -0.0111049
0.257533 0.248685 -0.0111477
0.25854 0.248776 -0.0111906
0.259549 0.248867 -0.0112335
0.26056 0.248958 -0.0112766
0.261572 0.249049 -0.0113197
0.262587 0.249141 -0.0113629
0.263604 0.249232 -0.0114061
0.264622 0.249324 -0.0114495
0.265643 0.249415 -0.0114929
0.266665 0.249507 -0.0115364
0.26769 0.249599 -0.01158
0.268716 0.249691 -0.0116236
0.269745 0.249783 -0.0116674
0.270775 0.249876 -0.0117112
0.271807 0.249968 -0.0117551
0.272842 0.250061 -0.011799
0.273878 0.250153 -0.0118431
0.274916 0.250246 -0.0118872
0.275956 0.250339 -0.0119314
0.276998 0.250432 -0.0119757
0.278042 0.250525 -0.0120201
0.279089 0.250619 -0.0120645
0.280137 0.250712 -0.012109
0.281187 0.250805 -0.0121536
0.282239 0.250899 -0.0121983
0.283292 0.250993 -0.012243
0.284348 0.251087 -0.0122878
0.285406 0.251181 -0.0123327
0.286466 0.251275 -0.0123777
0.287528 0.251369 -0.0124228
0.288592 0.251464 -0.0124679
0.289657 0.251558 -0.0125131
0.290725 0.251653 -0.0125584
0.291795 0.251747 -0.0126038
0.292866 0.251842 -0.0126492
0.29394 0.251937 -0.0126947
0.295015 0.252032 -0.0127403
0.296093 0.252128 -0.012786
0.297172 0.252223 -0.0128318
0.298254 0.252318 -0.0128776
0.299337 0.252414 -0.0129235
0.300422 0.25251 -0.0129695
0.30151 0.252605 -0.0130155
0.302599 0.252701 -0.0130617
0.30369 0.252797 -0.0131079
0.304784 0.252893 -0.0131542
0.305879 0.25299 -0.0132005
0.306976 0.253086 -0.013247
0.308075 0.253183 -0.0132935
0.309176 0.253279 -0.0133401
0.310279 0.253376 -0.0133868
0.311384 0.253473 -0.0134335
0.312491 0.25357 -0.0134804
0.3136 0.253667 -0.0135273
0.314711 0.253764 -0.0135742
0.315824 0.253861 -0.0136213
0.316939 0.253959 -0.0136684
0.318055 0.254056 -0.0137156
0.319174 0.254154 -0.0137629
0.320295 0.254252 -0.0138103
0.321417 0.25435 -0.0138577
0.322542 0.254447 -0.0139052
0.323669 0.254546 -0.0139528
0.324797 0.254644 -0.0140005
0.325928 0.254742 -0.0140483
0.32706 0.254841 -0.0140961
0.328195 0.254939 -0.014144
0.329331 0.255038 -0.014192
0.33047 0.255136 -0.01424
0.33161 0.255235 -0.0142881
0.332752 0.255334 -0.0143363
0.333897 0.255433 -0.0143846
0.335043 0.255533 -0.014433
0.336191 0.255632 -0.0144814
0.337341 0.255731 -0.0145299
0.338493 0.255831 -0.0145785
0.339647 0.255931 -0.0146271
0.340804 0.25603 -0.0146759
0.341962 0.25613 -0.0147247
0.343122 0.25623 -0.0147736
0.344283 0.25633 -0.0148225
0.345447 0.25643 -0.0148716
0.346613 0.256531 -0.0149207
0.347781 0.256631 -0.0149699
0.348951 0.256732 -0.0150191
0.350123 0.256832 -0.0150685
0.351296 0.256933 -0.0151179
0.352472 0.257034 -0.0151674
0.35365 0.257135 -0.0152169
0.35483 0.257236 -0.0152666
0.356011 0.257337 -0.0153163
0.357195 0.257438 -0.0153661
0.35838 0.25754 -0.015416
0.359568 0.257641 -0.0154659
0.360757 0.257743 -0.0155159
0.361949 0.257844 -0.015566
0.363142 0.257946 -0.0156162
0.364337 0.258048 -0.0156664
0.365535 0.25815 -0.0157168
0.366734 0.258252 -0.0157672
0.367935 0.258354 -0.0158176
0.369138 0.258456 -0.0158682
0.370344 0.258559 -0.0159188
0.371551 0.258661 -0.0159695
0.37276 0.258764 -0.0160202
0.373971 0.258867 -0.0160711
0.375184 0.25897 -0.016122
0.376399 0.259072 -0.016173
0.377616 0.259175 -0.0162241
0.378835 0.259279 -0.0162752
0.380056 0.259382 -0.0163264
0.381278 0.259485 -0.0163777
0.382503 0.259589 -0.0164291
0.38373 0.259692 -0.0164805
0.384959 0.259796 -0.0165321
0.386189 0.259899 -0.0165837
0.387422 0.260003 -0.0166353
0.388657 0.260107 -0.0166871
0.389893 0.260211 -0.0167389
0.391132 0.260315 -0.0167908
0.392372 0.26042 -0.0168427
0.393615 0.260524 -0.0168948
0.394859 0.260628 -0.0169469
0.396106 0.260733 -0.0169991
0.397354 0.260837 -0.0170513
0.398605 0.260942 -0.0171037
0.399857 0.261047 -0.0171561
0.401111 0.261152 -0.0172085
0.402367 0.261257 -0.0172611
0.403626 0.261362 -0.0173137
0.404886 0.261467 -0.0173664
0.406148 0.261572 -0.0174192
0.407412 0.261678 -0.0174721
0.408678 0.261783 -0.017525
0.409946 0.261889 -0.017578
0.411216 0.261995 -0.0176311
0.412488 0.2621 -0.0176842
0.413762 0.262206 -0.0177375
0.415038 0.262312 -0.0177907
0.416316 0.262418 -0.0178441
0.417595 0.262524 -0.0178976
0.418877 0.262631 -0.0179511
0.420161 0.262737 -0.0180047
0.421447 0.262844 -0.0180583
0.422734 0.26295 -0.0181121
0.424024 0.263057 -0.0181659
0.425315 0.263163 -0.0182198
0.426609 0.26327 -0.0182737
0.427905 0.263377 -0.0183278
0.429202 0.263484 -0.0183819
0.430501 0.263591 -0.018436
0.431803 0.263698 -0.0184903
0.433106 0.263806 -0.0185446
0.434412 0.263913 -0.018599
0.435719 0.264021 -0.0186535
0.437028 0.264128 -0.018708
0.438339 0.264236 -0.0187626
0.439653 0.264343 -0.0188173
0.440968 0.264451 -0.0188721
0.442285 0.264559 -0.0189269
0.443604 0.264667 -0.0189818
0.444925 0.264775 -0.0190368
0.446248 0.264884 -0.0190919
0.447573 0.264992 -0.019147
0.4489 0.2651 -0.0192022
0.450229 0.265209 -0.0192575
0.45156 0.265317 -0.0193128
0.452893 0.265426 -0.0193683
0.454227 0.265535 -0.0194237
0.455564 0.265643 -0.0194793
0.456903 0.265752 -0.0195349
0.458244 0.265861 -0.0195907
0.459586 0.26597 -0.0196464
0.460931 0.266079 -0.0197023
0.462277 0.266189 -0.0197582
0.463626 0.266298 -0.0198142
0.464977 0.266408 -0.0198703
0.466329 0.266517 -0.0199264
0.467683 0.266627 -0.0199826
0.46904 0.266736 -0.0200389
0.470398 0.266846 -0.0200953
0.471759 0.266956 -0.0201517
0.473121 0.267066 -0.0202082
0.474485 0.267176 -0.0202648
0.475851 0.267286 -0.0203215
0.47722 0.267396 -0.0203782
0.47859 0.267506 -0.020435
0.479962 0.267617 -0.0204918
0.481336 0.267727 -0.0205488
0.482712 0.267838 -0.0206058
0.48409 0.267948 -0.0206629
0.48547 0.268059 -0.02072
0.486852 0.26817 -0.0207772
0.488236 0.268281 -0.0208345
0.489622 0.268392 -0.0208919
0.49101 0.268503 -0.0209493
0.492399 0.268614 -0.0210068
0.493791 0.268725 -0.0210644
0.495185 0.268836 -0.0211221
0.496581 0.268948 -0.0211798
0.497978 0.269059 -0.0212376
0.499378 0.269171 -0.0212955
0.500779 0.269282 -0.0213534
0.502183 0.269394 -0.0214114
0.503588 0.269506 -0.0214695
0.504996 0.269618 -0.0215276
0.506405 0.26973 -0.0215859
0.507817 0.269842 -0.0216442
0.50923 0.269954 -0.0217025
0.510645 0.270066 -0.021761
0.512063 0.270178 -0.0218195
0.513482 0.27029 -0.021878
0.514903 0.270403 -0.0219367
0.516326 0.270515 -0.0219954
0.517752 0.270628 -0.0220542
0.519179 0.27074 -0.0221131
0.520608 0.270853 -0.022172
0.522039 0.270966 -0.022231
0.523472 0.271079 -0.0222901
0.524907 0.271192 -0.0223492
0.526344 0.271305 -0.0224084
0.527783 0.271418 -0.0224677
0.529223 0.271531 -0.0225271
0.530666 0.271644 -0.0225865
0.532111 0.271758 -0.022646
0.533558 0.271871 -0.0227056
0.535007 0.271985 -0.0227652
0.536457 0.272098 -0.0228249
0.53791 0.272212 -0.0228847
0.539365 0.272326 -0.0229446
0.540821 0.272439 -0.0230045
0.54228 0.272553 -0.0230645
0.54374 0.272667 -0.0231245
0.545203 0.272781 -0.0231847
0.546667 0.272895 -0.0232449
0.548133 0.27301 -0.0233051
0.549602 0.273124 -0.0233655
0.551072 0.273238 -0.0234259
0.552544 0.273353 -0.0234864
0.554019 0.273467 -0.0235469
0.555495 0.273582 -0.0236075
0.556973 0.273696 -0.0236682
0.558453 0.273811 -0.023729
0.559935 0.273926 -0.0237898
0.561419 0.27404 -0.0238507
0.562905 0.274155 -0.0239117
0.564393 0.27427 -0.0239727
0.565883 0.274385 -0.0240338
0.567375 0.2745 -0.024095
0.568869 0.274616 -0.0241563
0.570365 0.274731 -0.0242176
0.571863 0.274846 -0.024279
0.573363 0.274962 -0.0243404
0.574865 0.275077 -0.0244019
0.576368 0.275193 -0.0244635
0.577874 0.275308 -0.0245252
0.579382 0.275424 -0.0245869
0.580891 0.27554 -0.0246487
0.582403 0.275656 -0.0247106
0.583916 0.275771 -0.0247726
0.585432 0.275887 -0.0248346
0.586949 0.276003 -0.0248966
0.588469 0.27612 -0.0249588
0.58999 0.276236 -0.025021
0.591513 0.276352 -0.0250833
0.593039 0.276468 -0.0251456
0.594566 0.276585 -0.0252081
0.596095 0.276701 -0.0252706
0.597626 0.276818 -0.0253331
0.59916 0.276934 -0.0253958
0.600695 0.277051 -0.0254584
0.602232 0.277168 -0.0255212
0.603771 0.277284 -0.0255841
0.605312 0.277401 -0.025647
0.606855 0.277518 -0.0257099
0.6084 0.277635 -0.025773
0.609947 0.277752 -0.0258361
0.611496 0.277869 -0.0258993
0.613047 0.277986 -0.0259625
0.614599 0.278104 -0.0260258
0.616154 0.278221 -0.0260892
0.617711 0.278338 -0.0261526
0.61927 0.278456 -0.0262162
0.62083 0.278573 -0.0262798
0.622393 0.278691 -0.0263434
0.623958 0.278808 -0.0264071
0.625524 0.278926 -0.0264709
0.627093 0.279044 -0.0265348
0.628663 0.279162 -0.0265987
0.630236 0.27928 -0.0266627
0.63181 0.279398 -0.0267268
0.633387 0.279516 -0.0267909
0.634965 0.279634 -0.0268551
0.636545 0.279752 -0.0269194
0.638127 0.27987 -0.0269837
0.639712 0.279988 -0.0270481
0.641298 0.280107 -0.0271126
0.642886 0.280225 -0.0271771
0.644476 0.280343 -0.0272417
0.646068 0.280462 -0.0273064
0.647662 0.280581 -0.0273711
0.649258 0.280699 -0.0274359
0.650856 0.280818 -0.0275008
0.652456 0.280937 -0.0275657
0.654058 0.281055 -0.0276307
0.655662 0.281174 -0.0276958
0.657268 0.281293 -0.027761
0.658876 0.281412 -0.0278262
0.660486 0.281531 -0.0278915
0.662097 0.281651 -0.0279568
0.663711 0.28177 -0.0280222
0.665327 0.281889 -0.0280877
0.666944 0.282008 -0.0281532
0.668564 0.282128 -0.0282188
0.670186 0.282247 -0.0282845
0.671809 0.282366 -0.0283503
0.673435 0.282486 -0.0284161
0.675062 0.282606 -0.028482
0.676692 0.282725 -0.0285479
0.678323 0.282845 -0.0286139
0.679956 0.282965 -0.02868
0.681592 0.283085 -0.0287461
0.683229 0.283204 -0.0288124
0.684868 0.283324 -0.0288786
0.686509 0.283444 -0.028945
0.688152 0.283564 -0.0290114
0.689798 0.283685 -0.0290779
0.691445 0.283805 -0.0291444
0.693094 0.283925 -0.029211
0.694745 0.284045 -0.0292777
0.696398 0.284166 -0.0293444
0.698053 0.284286 -0.0294112
0.69971 0.284406 -0.0294781
0.701369 0.284527 -0.0295451
0.703029 0.284647 -0.0296121
0.704692 0.284768 -0.0296791
0.706357 0.284889 -0.0297463
0.708024 0.285009 -0.0298135
0.709692 0.28513 -0.0298808
0.711363 0.285251 -0.0299481
0.713036 0.285372 -0.0300155
0.71471 0.285493 -0.030083
0.716387 0.285614 -0.0301505
0.718065 0.285735 -0.0302181
0.719746 0.285856 -0.0302858
0.721428 0.285977 -0.0303535
0.723113 0.286098 -0.0304213
0.724799 0.28622 -0.0304891
0.726487 0.286341 -0.0305571
0.728178 0.286462 -0.0306251
0.72987 0.286584 -0.0306931
0.731564 0.286705 -0.0307612
0.73326 0.286827 -0.0308294
0.734959 0.286948 -0.0308977
0.736659 0.28707 -0.030966
0.738361 0.287192 -0.0310344
0.740065 0.287313 -0.0311028
0.741771 0.287435 -0.0311714
0.743479 0.287557 -0.0312399
0.745189 0.287679 -0.0313086
0.746901 0.287801 -0.0313773
0.748615 0.287923 -0.0314461
0.750331 0.288045 -0.0315149
0.752048 0.288167 -0.0315838
0.753768 0.288289 -0.0316528
0.75549 0.288411 -0.0317218
0.757214 0.288533 -0.0317909
0.758939 0.288656 -0.0318601
0.760667 0.288778 -0.0319293
0.762396 0.2889 -0.0319986
0.764128 0.289023 -0.0320679
0.765862 0.289145 -0.0321373
0.767597 0.289268 -0.0322068
0.769334 0.28939 -0.0322764
0.771074 0.289513 -0.032346
0.772815 0.289636 -0.0324157
0.774559 0.289758 -0.0324854
0.776304 0.289881 -0.0325552
0.778051 0.290004 -0.0326251
0.7798 0.290127 -0.032695
0.781552 0.29025 -0.032765
0.783305 0.290373 -0.0328351
0.78506 0.290496 -0.0329052
0.786817 0.290619 -0.0329754
0.788576 0.290742 -0.0330456
0.790337 0.290865 -0.033116
0.7921 0.290988 -0.0331863
0.793865 0.291111 -0.0332568
0.795632 0.291235 -0.0333273
0.797401 0.291358 -0.0333979
0.799172 0.291481 -0.0334685
0.800944 0.291605 -0.0335392
0.802719 0.291728 -0.03361
0.804496 0.291852 -0.0336808
0.806275 0.291975 -0.0337517
0.808055 0.292099 -0.0338226
0.809838 0.292222 -0.0338937
0.811622 0.292346 -0.0339647
0.813409 0.29247 -0.0340359
0.815198 0.292593 -0.0341071
0.816988 0.292717 -0.0341784
0.81878 0.292841 -0.0342497
0.820575 0.292965 -0.0343211
0.822371 0.293089 -0.0343925
0.82417 0.293213 -0.0344641
0.82597 0.293337 -0.0345356
0.827772 0.293461 -0.0346073
0.829576 0.293585 -0.034679
0.831383 0.293709 -0.0347508
0.833191 0.293833 -0.0348226
0.835001 0.293958 -0.0348945
0.836813 0.294082 -0.0349665
0.838627 0.294206 -0.0350385
0.840443 0.294331 -0.0351106
0.842261 0.294455 -0.0351827
0.844081 0.294579 -0.0352549
0.845903 0.294704 -0.0353272
0.847727 0.294829 -0.0353996
0.849552 0.294953 -0.035472
0.85138 0.295078 -0.0355444
0.85321 0.295202 -0.0356169
0.855042 0.295327 -0.0356895
0.856875 0.295452 -0.0357622
0.858711 0.295576 -0.0358349
0.860549 0.295701 -0.0359077
0.862388 0.295826 -0.0359805
0.86423 0.295951 -0.0360534
0.866073 0.296076 -0.0361263
0.867919 0.296201 -0.0361994
0.869766 0.296326 -0.0362725
0.871616 0.296451 -0.0363456
0.873467 0.296576 -0.0364188
0.87532 0.296701 -0.0364921
0.877176 0.296826 -0.0365654
0.879033 0.296951 -0.0366388
0.880892 0.297077 -0.0367122
0.882753 0.297202 -0.0367858
0.884617 0.297327 -0.0368593
0.886482 0.297453 -0.036933
0.888349 0.297578 -0.0370067
0.890218 0.297703 -0.0370804
0.892089 0.297829 -0.0371543
0.893962 0.297954 -0.0372281
0.895837 0.29808 -0.0373021
0.897714 0.298205 -0.0373761
0.899592 0.298331 -0.0374502
0.901473 0.298457 -0.0375243
0.903356 0.298582 -0.0375985
0.905241 0.298708 -0.0376727
0.907128 0.298834 -0.037747
0.909016 0.29896 -0.0378214
0.910907 0.299085 -0.0378958
0.912799 0.299211 -0.0379703
0.914694 0.299337 -0.0380449
0.916591 0.299463 -0.0381195
0.918489 0.299589 -0.0381942
0.92039 0.299715 -0.0382689
0.922292 0.299841 -0.0383437
0.924196 0.299967 -0.0384186
0.926103 0.300093 -0.0384935
0.928011 0.300219 -0.0385685
0.929921 0.300345 -0.0386435
0.931834 0.300472 -0.0387186
0.933748 0.300598 -0.0387938
0.935664 0.300724 -0.038869
0.937582 0.30085 -0.0389443
0.939502 0.300977 -0.0390196
0.941424 0.301103 -0.039095
0.943348 0.30123 -0.0391705
0.945274 0.301356 -0.039246
0.947202 0.301482 -0.0393216
0.949132 0.301609 -0.0393972
0.951064 0.301735 -0.0394729
0.952998 0.301862 -0.0395487
0.954934 0.301989 -0.0396245
0.956872 0.302115 -0.0397004
0.958811 0.302242 -0.0397764
0.960753 0.302369 -0.0398524
0.962697 0.302495 -0.0399284
0.964643 0.302622 -0.0400045
0.96659 0.302749 -0.0400807
0.96854 0.302876 -0.040157
0.970491 0.303002 -0.0402333
0.972445 0.303129 -0.0403096
0.9744 0.303256 -0.040386
0.976358 0.303383 -0.0404625
0.978317 0.30351 -0.0405391
0.980278 0.303637 -0.0406157
0.982242 0.303764 -0.0406923
0.984207 0.303891 -0.040769
0.986174 0.304018 -0.0408458
0.988143 0.304145 -0.0409226
0.990115 0.304272 -0.0409995
0.992088 0.3044 -0.0410765
0.994063 0.304527 -0.0411535
0.99604 0.304654 -0.0412306
0.998019 0.304781 -0.0413077
1 0.304908 -0.0413849
